21.0 965.0 793.3870847378164
147.0 951.0 551.1215253483789
916.0 9.0 462.9430967552307
983.0 906.0 700.9738077942293
982.0 242.0 176.81898910429985
64.0 96.0 488.30445162289806
943.0 684.0 177.5247077805646
43.0 374.0 313.67001762371603
48.0 973.0 578.3474155195606
989.0 978.0 395.4210340630373
356.0 952.0 195.89595200099717
515.0 930.0 146.3706725896629
839.0 41.0 158.3710742392775
799.0 927.0 238.21647646813156
552.0 958.0 131.33563768223584
22.0 528.0 203.63403120262146
184.0 937.0 318.32469096915895
921.0 237.0 173.71166283660352
319.0 913.0 220.9296484691675
60.0 465.0 171.81776225532633
998.0 991.0 348.28865155006247
518.0 912.0 190.7225943268504
307.0 983.0 188.84986574721833
210.0 37.0 201.1006649160517
933.0 293.0 153.36847928153006
19.0 764.0 282.48704678285964
764.0 942.0 227.6660998122464
553.0 904.0 131.91831904925797
917.0 264.0 161.17572737523523
862.0 87.0 172.38734154851747
980.0 679.0 195.83273656794537
27.0 717.0 252.20649667257206
44.0 144.0 669.1238701091553
471.0 59.0 158.32727665767044
926.0 277.0 149.85528725244475
335.0 957.0 183.18579577410335
156.0 927.0 367.77808994537264
939.0 982.0 555.2312557255106
64.0 7.0 224.45260733435816
427.0 76.0 181.50023004120612
395.0 999.0 168.26575392720048
36.0 343.0 314.0002816869514
822.0 19.0 242.71863034652822
139.0 980.0 267.95257360285757
418.0 53.0 139.43137724422812
24.0 924.0 454.91383803498945
11.0 393.0 271.92097407700925
968.0 847.0 152.57114646727695
913.0 452.0 132.17065026195982
27.0 741.0 257.6654847283355
921.0 667.0 171.14088866848329
86.0 344.0 274.7893453410587
964.0 683.0 144.2924034187168
995.0 932.0 669.2508890216027
778.0 969.0 226.15535690810623
30.0 111.0 1053.7077652153537
868.0 53.0 207.4529501360073
955.0 260.0 241.7891451226417
96.0 66.0 201.30906483024822
29.0 8.0 885.2996701578983
19.0 782.0 304.58435771031094
2.0 11.0 757.3523576011139
998.0 25.0 455.0776069369778
931.0 89.0 453.2492602417213
701.0 995.0 226.47631503664857
912.0 67.0 352.89579055635926
87.0 991.0 424.7172702943071
961.0 220.0 157.185587915909
564.0 988.0 124.41578714526015
458.0 6.0 141.9924821996293
106.0 976.0 426.5144230679555
985.0 285.0 130.16240354561413
226.0 49.0 198.47708306519627
931.0 14.0 387.3032146658876
42.0 775.0 294.6333987000644
787.0 916.0 225.41228169910326
940.0 890.0 735.5966195435064
991.0 615.0 166.0722454145697
225.0 7.0 215.61748178936912
644.0 98.0 211.5447109035768
64.0 944.0 613.6320847608686
410.0 1.0 118.1749753905942
917.0 694.0 1289.3470869361074
955.0 820.0 178.66322320605417
14.0 129.0 410.4877708368061
255.0 925.0 155.93030392385057
995.0 826.0 258.01672023949294
287.0 961.0 119.72301314777219
28.0 198.0 395.4522416886714
940.0 843.0 151.65507597649332
955.0 6.0 119.0219340034188
4.0 312.0 289.4374523786296
840.0 55.0 162.32960505879902
977.0 891.0 2444.5487359421572
416.0 939.0 210.7852282239015
994.0 401.0 121.23588189117255
278.0 972.0 175.36793609017144
936.0 244.0 184.3031756151786
743.0 70.0 239.55479724908838
754.0 2.0 141.32899870776808
265.0 44.0 214.3278154623118
81.0 135.0 193.09357127658032
811.0 993.0 865.1322554469566
198.0 3.0 607.1722309881804
780.0 39.0 175.22476393707996
924.0 826.0 572.0092393589139
77.0 34.0 125.59802764939398
50.0 76.0 135.37417148831608
200.0 915.0 138.414268660029
4.0 696.0 156.90353170466332
639.0 74.0 190.2860977545464
983.0 21.0 142.14120653803974
62.0 601.0 146.32401227381462
921.0 606.0 346.0787246758463
272.0 1.0 369.02659208266465
954.0 866.0 1158.1691542081815
88.0 5.0 127.50928084527314
144.0 12.0 1061.2371864263348
116.0 34.0 1562.8160794647522
162.0 6.0 649.729172620491
71.0 55.0 124.88579439593823
27.0 81.0 109.20378635172445
127.0 61.0 894.7516816151183
360.0 6.0 250.13319839361003
379.0 9.0 386.02688761952345
465.0 26.0 177.06486999590783
628.0 8.0 159.00594669481737
667.0 2.0 168.86328462891606
705.0 6.0 128.55480650688588
653.0 52.0 173.4719734508753
712.0 31.0 137.01354751984482
991.0 1.0 96.03511503535027
939.0 52.0 116.17467453141218
910.0 36.0 102.33441881962474
887.0 11.0 652.9149211138314
875.0 25.0 578.0976036878932
330.0 81.0 505.18838338107236
349.0 93.0 322.8846678711414
400.0 79.0 148.70952221197737
376.0 69.0 264.4192690500406
65.0 240.0 433.58024648305314
30.0 263.0 347.0614430765324
7.0 514.0 271.5319003671995
9.0 551.0 194.0853811849492
13.0 591.0 190.25149636160367
5.0 568.0 197.96185696084007
486.0 70.0 199.83998304899472
516.0 66.0 300.73558711965495
591.0 39.0 177.35667748052362
890.0 49.0 816.081613184193
889.0 79.0 981.1341089345793
918.0 207.0 374.64011172036476
938.0 215.0 417.90744788692143
991.0 224.0 440.7740359085704
994.0 264.0 355.02663786019895
965.0 292.0 351.6390429710695
920.0 410.0 114.94482149789478
988.0 439.0 117.39279929020151
995.0 460.0 167.69288471525067
964.0 619.0 333.6905528575705
981.0 644.0 386.0793692156236
954.0 641.0 125.5567209847663
32.0 630.0 179.991305781253
14.0 653.0 183.7407714648587
997.0 669.0 194.43299226570412
995.0 850.0 1248.4786985009218
991.0 875.0 108.14277499765764
999.0 893.0 107.30676302670354
861.0 994.0 891.3537236759831
834.0 999.0 767.8383429810494
651.0 998.0 466.7803772023545
627.0 998.0 361.60057111078174
450.0 993.0 178.9186493388655
415.0 997.0 171.63651645046673
274.0 989.0 460.1911135394712
241.0 997.0 452.9361640529752
2.0 870.0 148.26420956033792
6.0 667.0 360.3206161900849
4.0 615.0 377.4371728287498
2.0 426.0 316.61164561829435
902.0 836.0 143.90081996432127
922.0 866.0 124.5178558163411
28.0 606.0 309.5803728018393
77.0 840.0 134.52578958673567
99.0 867.0 140.43497761936257
69.0 851.0 156.94499585730173
50.0 878.0 1780.4086857782052
33.0 894.0 933.1994926579961
21.0 810.0 654.5960691228663
265.0 907.0 508.6650563167843
405.0 919.0 186.03523684118986
464.0 917.0 211.2504008275194
447.0 964.0 342.754188912706
473.0 936.0 217.26407064765735
651.0 929.0 230.55368658531532
681.0 929.0 259.6141226785551
893.0 972.0 1802.9872299557037
866.0 949.0 106.52839458596702
805.0 966.0 168.89054011777998
830.0 945.0 113.41305315800598
617.0 935.0 151.9937211062856
848.0 905.0 109.78931057662713
829.0 978.0 124.8092501562498
468.0 972.0 176.66519355017408
409.0 963.0 255.61743650187572
641.0 950.0 126.10322666336347
51.0 853.0 731.303046448759
86.0 884.0 915.825312203945
664.0 902.0 154.3015840169755
918.0 427.0 383.7911314967652
233.0 978.0 535.2652335901255
212.0 992.0 650.8420871064727
3.0 457.0 302.99919479825576
28.0 477.0 299.7102952751234
79.0 474.0 372.2113988464749
56.0 493.0 193.97213610226004
612.0 55.0 226.43944321813768
84.0 256.0 350.1494628089333
77.0 285.0 279.7736316619637
293.0 54.0 143.93534743637025
684.0 24.0 298.5955149385899
688.0 38.0 218.97698912980584
918.0 476.0 284.73186172563624
941.0 493.0 170.67266742793012
963.0 480.0 168.12769566405188
937.0 467.0 198.33147038424377
950.0 442.0 213.00606714715045
691.0 966.0 152.10896683470745
601.0 952.0 147.78505078400173
58.0 260.0 145.4373368008458
41.0 240.0 118.21015496532209
26.0 214.0 106.7808721943158
2.0 258.0 129.93308633225803
13.0 279.0 159.87677193521506
205.0 63.0 113.3597739651538
905.0 653.0 150.05355010656936
921.0 634.0 141.80804105169938
947.0 615.0 195.50963453600878
450.0 82.0 159.33764562871778
495.0 42.0 171.2889014716271
560.0 34.0 150.92819314723954
542.0 56.0 225.54936943386426
249.0 94.0 114.09647429408474
60.0 666.0 417.31069921185895
77.0 444.0 221.90292871281505
47.0 445.0 157.94181511736187
26.0 448.0 133.84940925642604
608.0 97.0 230.4830890167823
664.0 74.0 268.758746399397
972.0 415.0 183.88766975046184
948.0 408.0 270.6979952610591
71.0 647.0 299.81312108176616
585.0 90.0 189.97569225588703
833.0 88.0 524.6590975365378
993.0 805.0 171.80453111435077
994.0 496.0 218.90774790099394
246.0 66.0 117.67312309931812
247.0 24.0 130.71078595414752
