30.0 860.0 4.49052400000005
221.0 896.0 4.5121749999999565
21.0 965.0 4.462975000000029
147.0 951.0 4.494069999999965
766.0 139.0 4.513863000000015
916.0 9.0 4.471603000000073
831.0 924.0 4.498348999999962
854.0 431.0 4.530497999999966
983.0 906.0 4.4721419999999625
501.0 22.0 4.485429000000067
890.0 407.0 4.522538999999938
750.0 701.0 4.536577999999963
982.0 242.0 4.482415999999944
64.0 96.0 4.500202000000058
943.0 684.0 4.501167999999893
337.0 431.0 4.546224999999936
43.0 374.0 4.5001980000000685
48.0 973.0 4.46606399999996
679.0 282.0 4.5311060000000225
989.0 978.0 4.455409999999915
764.0 520.0 4.533528000000047
119.0 382.0 4.526196000000027
218.0 330.0 4.538907999999992
757.0 298.0 4.538536000000022
356.0 952.0 4.503765000000044
583.0 750.0 4.538433999999938
515.0 930.0 4.506385999999907
839.0 41.0 4.490387000000055
799.0 927.0 4.502140999999938
552.0 958.0 4.486212999999907
676.0 766.0 4.535663
186.0 518.0 4.535060000000044
540.0 772.0 4.5460520000000315
943.0 764.0 4.4986619999999675
22.0 528.0 4.491069000000039
829.0 706.0 4.531672000000071
615.0 874.0 4.520829999999933
488.0 841.0 4.537120000000073
619.0 784.0 4.534314999999992
184.0 937.0 4.497796999999991
847.0 268.0 4.519210000000044
838.0 360.0 4.534408999999982
169.0 351.0 4.539352000000008
395.0 786.0 4.535894999999982
353.0 702.0 4.544824000000062
921.0 237.0 4.505762000000004
705.0 370.0 4.524258999999915
319.0 913.0 4.514744999999948
280.0 915.0 4.509860000000003
60.0 465.0 4.500321999999983
998.0 991.0 4.4475419999999986
449.0 752.0 4.548928000000046
337.0 18.0 4.487328000000048
871.0 823.0 4.515728999999965
518.0 912.0 4.514138000000003
514.0 5.0 4.476767999999993
714.0 153.0 4.525198000000046
766.0 805.0 4.523865000000001
307.0 983.0 4.478755999999976
150.0 43.0 4.4990080000000034
231.0 275.0 4.544942999999989
309.0 512.0 4.5448370000000295
735.0 7.0 4.478294000000005
210.0 37.0 4.488484999999969
428.0 887.0 4.530650000000037
565.0 717.0 4.543398000000025
933.0 293.0 4.503348999999957
19.0 764.0 4.494443000000047
923.0 539.0 4.513099000000011
764.0 942.0 4.496372999999949
553.0 904.0 4.5143339999999625
388.0 98.0 4.523339000000078
917.0 264.0 4.506483000000003
329.0 620.0 4.550514000000021
563.0 736.0 4.542645999999991
854.0 176.0 4.506688000000054
700.0 682.0 4.533826999999974
712.0 115.0 4.5170590000000175
118.0 898.0 4.506802999999991
712.0 491.0 4.513668000000052
862.0 87.0 4.496396000000004
304.0 600.0 4.54963500000008
684.0 356.0 4.521334999999908
826.0 438.0 4.5330679999999575
230.0 437.0 4.551163999999972
713.0 749.0 4.534283999999957
980.0 679.0 4.4845379999999295
27.0 717.0 4.497703999999999
44.0 144.0 4.500500999999986
424.0 956.0 4.498663000000079
680.0 674.0 4.534645999999952
471.0 59.0 4.507855000000063
493.0 961.0 4.495992000000001
996.0 113.0 4.4646490000000085
757.0 39.0 4.4945619999999735
794.0 218.0 4.522365000000036
926.0 277.0 4.505447000000004
149.0 64.0 4.504211000000055
195.0 706.0 4.532664000000068
335.0 957.0 4.493346999999972
156.0 927.0 4.499758000000043
230.0 936.0 4.499914999999987
764.0 263.0 4.531955000000039
652.0 652.0 4.527653999999984
939.0 982.0 4.46770099999992
522.0 674.0 4.536188000000038
127.0 302.0 4.533399000000031
64.0 7.0 4.465974999999958
427.0 76.0 4.516924000000017
184.0 824.0 4.519502999999986
852.0 541.0 4.5362949999999955
366.0 225.0 4.553850000000011
766.0 656.0 4.53746000000001
160.0 660.0 4.537155999999982
395.0 999.0 4.482808000000091
101.0 161.0 4.52504799999997
36.0 343.0 4.493274000000042
41.0 283.0 4.501809999999978
822.0 19.0 4.484360000000038
847.0 965.0 4.481914999999958
139.0 980.0 4.4814629999999624
516.0 877.0 4.523697999999968
418.0 53.0 4.507470000000012
24.0 924.0 4.474256000000082
670.0 955.0 4.494330999999988
11.0 393.0 4.477828000000045
858.0 463.0 4.532576999999947
392.0 483.0 4.524552999999969
313.0 183.0 4.533348000000046
470.0 898.0 4.5232619999999315
953.0 744.0 4.492554000000041
348.0 651.0 4.548361999999997
968.0 847.0 4.482227999999964
913.0 452.0 4.5139540000000125
112.0 817.0 4.517787999999996
27.0 741.0 4.4995550000001
196.0 594.0 4.537930000000074
921.0 667.0 4.510895000000005
963.0 129.0 4.479512999999997
630.0 717.0 4.53895799999998
161.0 546.0 4.534406999999987
249.0 786.0 4.524317999999994
147.0 151.0 4.532774000000018
406.0 799.0 4.539533000000006
662.0 176.0 4.541277000000036
391.0 747.0 4.548420000000078
858.0 773.0 4.516120999999998
86.0 344.0 4.517020000000002
354.0 378.0 4.547300999999948
187.0 723.0 4.5336019999999735
381.0 769.0 4.546286000000009
828.0 412.0 4.535005999999953
700.0 817.0 4.5255730000000085
338.0 768.0 4.537689999999998
964.0 683.0 4.493486999999959
995.0 932.0 4.464084000000071
216.0 659.0 4.539365999999973
512.0 761.0 4.544900999999982
149.0 612.0 4.540125999999987
791.0 806.0 4.525780999999938
272.0 401.0 4.551902999999925
210.0 906.0 4.510083000000009
288.0 437.0 4.55366099999992
788.0 307.0 4.540515000000028
778.0 969.0 4.487252999999896
256.0 590.0 4.550663999999983
643.0 242.0 4.546574999999962
30.0 111.0 4.486295999999925
837.0 312.0 4.534014999999954
337.0 989.0 4.47643000000005
887.0 681.0 4.524412999999981
180.0 46.0 4.497517000000016
102.0 281.0 4.527134000000046
868.0 53.0 4.489970999999969
955.0 260.0 4.495196999999962
184.0 11.0 4.481887000000029
580.0 64.0 4.503388000000086
391.0 725.0 4.546461000000022
659.0 787.0 4.530264999999986
791.0 179.0 4.517964000000006
96.0 66.0 4.497408000000064
22.0 422.0 4.482781000000045
841.0 830.0 4.5150639999999385
29.0 8.0 4.452570999999921
261.0 776.0 4.5300150000000485
19.0 782.0 4.492811000000074
2.0 11.0 4.444378999999913
961.0 177.0 4.487322999999947
144.0 344.0 4.5365920000000415
337.0 410.0 4.549145999999951
998.0 25.0 4.448679000000084
623.0 204.0 4.547798000000057
309.0 850.0 4.528035000000045
570.0 798.0 4.533770000000004
572.0 183.0 4.546420000000012
931.0 89.0 4.484927999999968
74.0 684.0 4.5262050000000045
349.0 976.0 4.48748599999999
387.0 873.0 4.531664000000092
733.0 861.0 4.5240929999999935
772.0 379.0 4.536699999999996
883.0 369.0 4.521400999999969
129.0 680.0 4.536877000000004
834.0 793.0 4.517993000000047
701.0 995.0 4.476965999999948
528.0 612.0 4.518772000000013
912.0 67.0 4.486892000000012
254.0 270.0 4.540330999999924
174.0 270.0 4.537903000000028
36.0 652.0 4.504054999999994
148.0 399.0 4.533859000000007
87.0 991.0 4.461709000000042
961.0 220.0 4.49239799999998
892.0 864.0 4.499915999999985
277.0 853.0 4.523871999999983
322.0 3.0 4.48092900000006
486.0 994.0 4.480207999999948
305.0 452.0 4.550952999999936
364.0 623.0 4.546081999999956
431.0 660.0 4.542311000000041
941.0 935.0 4.480005000000006
937.0 316.0 4.507046999999943
377.0 500.0 4.531162999999992
781.0 671.0 4.536747999999989
922.0 341.0 4.5111799999999675
910.0 504.0 4.519204999999943
533.0 728.0 4.5465110000000095
564.0 988.0 4.469712999999956
611.0 830.0 4.525191999999947
298.0 304.0 4.548209999999926
740.0 269.0 4.532421999999997
763.0 673.0 4.537087999999926
722.0 792.0 4.528688999999986
458.0 6.0 4.480462999999986
495.0 673.0 4.542902000000026
106.0 976.0 4.467416000000071
821.0 171.0 4.50974199999996
232.0 916.0 4.5068899999999985
162.0 992.0 4.4742820000000165
308.0 273.0 4.548311000000012
258.0 382.0 4.550213999999983
377.0 925.0 4.51529000000005
383.0 854.0 4.535781000000043
243.0 467.0 4.5519500000000335
759.0 730.0 4.52476200000001
248.0 174.0 4.532132000000047
890.0 997.0 4.468470999999909
211.0 970.0 4.48759199999995
435.0 918.0 4.52359100000001
985.0 285.0 4.482390000000009
226.0 49.0 4.501115000000027
931.0 14.0 4.465498000000025
887.0 252.0 4.513700999999969
264.0 525.0 4.549126000000001
950.0 349.0 4.500185999999985
773.0 749.0 4.524077000000034
42.0 775.0 4.503988000000049
836.0 765.0 4.517871000000014
287.0 637.0 4.549216999999999
733.0 138.0 4.524050999999986
713.0 861.0 4.52471700000001
787.0 916.0 4.507353999999964
708.0 715.0 4.537506000000008
328.0 886.0 4.526382000000012
781.0 939.0 4.501732999999945
936.0 919.0 4.484195999999997
993.0 149.0 4.467834000000039
185.0 330.0 4.54075499999999
940.0 890.0 4.490269999999896
135.0 768.0 4.5286120000000665
689.0 854.0 4.522078999999962
909.0 735.0 4.507468000000017
290.0 594.0 4.552858000000015
813.0 784.0 4.520437000000015
783.0 288.0 4.536961000000019
991.0 615.0 4.484605999999985
195.0 752.0 4.531190000000038
256.0 406.0 4.5523580000000265
390.0 700.0 4.546929999999975
138.0 496.0 4.527021999999988
392.0 819.0 4.538584000000014
943.0 948.0 4.477818999999954
117.0 234.0 4.531439999999975
32.0 689.0 4.500613000000044
225.0 7.0 4.477312999999981
602.0 931.0 4.501776999999947
245.0 814.0 4.52379899999994
941.0 126.0 4.487780000000043
755.0 895.0 4.517601999999897
190.0 212.0 4.532937000000061
489.0 820.0 4.542800000000057
492.0 998.0 4.47648300000003
747.0 993.0 4.480426999999963
318.0 355.0 4.5526760000000195
213.0 833.0 4.517547000000036
169.0 595.0 4.537162999999964
695.0 783.0 4.528128000000038
644.0 98.0 4.5122780000000375
325.0 100.0 4.524569000000042
762.0 411.0 4.530666999999994
451.0 128.0 4.538110000000074
147.0 183.0 4.537024999999971
894.0 133.0 4.497146000000043
360.0 897.0 4.522469999999998
64.0 944.0 4.4766160000000355
717.0 62.0 4.503454000000033
719.0 541.0 4.519419999999968
230.0 594.0 4.543737000000078
348.0 494.0 4.541731000000027
410.0 1.0 4.4799600000000055
229.0 521.0 4.551887000000079
583.0 841.0 4.524817999999982
138.0 223.0 4.531647000000021
153.0 823.0 4.524560999999949
543.0 843.0 4.531921000000011
618.0 913.0 4.509648999999968
961.0 971.0 4.464866999999913
431.0 17.0 4.488752999999974
827.0 186.0 4.512239000000022
917.0 694.0 4.509721000000013
499.0 631.0 4.527155999999991
999.0 335.0 4.475311000000033
271.0 825.0 4.521225999999956
111.0 487.0 4.522969999999987
799.0 123.0 4.507706999999982
209.0 193.0 4.533328999999981
888.0 923.0 4.495497
955.0 820.0 4.486075000000028
39.0 921.0 4.477420000000052
129.0 962.0 4.484507000000008
14.0 129.0 4.47798899999998
255.0 925.0 4.503557000000001
334.0 924.0 4.513891999999942
57.0 989.0 4.4632930000000215
785.0 588.0 4.535261999999989
56.0 915.0 4.484507000000008
301.0 247.0 4.541159999999991
738.0 223.0 4.530885000000012
490.0 764.0 4.547957999999994
995.0 826.0 4.473437999999987
758.0 962.0 4.492567000000008
138.0 435.0 4.527798999999959
766.0 174.0 4.519305000000031
185.0 984.0 4.479968999999983
638.0 814.0 4.5260580000000346
488.0 141.0 4.537996000000021
222.0 225.0 4.533698999999956
5.0 32.0 4.456139000000007
975.0 595.0 4.489698999999973
404.0 874.0 4.534641000000079
117.0 636.0 4.535558000000037
122.0 932.0 4.495419999999967
323.0 808.0 4.530153000000041
88.0 604.0 4.524298000000044
287.0 961.0 4.488974999999982
420.0 764.0 4.551989000000049
898.0 532.0 4.519875999999954
612.0 852.0 4.521480999999994
473.0 873.0 4.534510000000068
501.0 727.0 4.549464000000057
588.0 873.0 4.518055000000004
28.0 198.0 4.496449999999982
453.0 656.0 4.539086999999995
940.0 843.0 4.491253000000029
5.0 831.0 4.475618000000054
955.0 6.0 4.4566200000000435
354.0 523.0 4.542986000000042
894.0 307.0 4.514978999999926
4.0 312.0 4.478205000000003
931.0 726.0 4.5047100000000455
129.0 826.0 4.518028000000072
126.0 856.0 4.517067999999995
549.0 757.0 4.545414000000051
667.0 884.0 4.515345000000025
975.0 714.0 4.486081000000013
222.0 820.0 4.519230999999991
944.0 161.0 4.485292999999956
587.0 810.0 4.535201000000029
142.0 879.0 4.514676000000009
517.0 158.0 4.54954500000008
296.0 871.0 4.51878099999999
933.0 784.0 4.502072999999996
186.0 793.0 4.5227350000000115
815.0 758.0 4.521773000000053
674.0 999.0 4.473797999999988
251.0 607.0 4.542644999999993
840.0 55.0 4.494594000000006
815.0 952.0 4.491600999999946
798.0 824.0 4.521562000000017
450.0 770.0 4.550976999999989
601.0 122.0 4.525694000000044
46.0 690.0 4.513037000000054
248.0 229.0 4.533003000000008
804.0 431.0 4.536002999999937
761.0 855.0 4.523331999999982
977.0 891.0 4.478028999999992
790.0 58.0 4.496925999999917
157.0 209.0 4.536787000000004
611.0 733.0 4.540994999999953
252.0 716.0 4.533688999999981
720.0 89.0 4.509416000000101
877.0 169.0 4.5065270000000055
416.0 939.0 4.5129570000000285
974.0 306.0 4.486582999999996
994.0 401.0 4.473207000000002
127.0 570.0 4.532456000000025
118.0 7.0 4.477149000000054
708.0 330.0 4.530304000000001
178.0 842.0 4.518771000000015
162.0 424.0 4.536560000000009
773.0 824.0 4.521596999999929
247.0 309.0 4.543127000000027
882.0 494.0 4.528323999999998
805.0 411.0 4.533022999999957
278.0 972.0 4.477978000000007
737.0 327.0 4.535626999999977
936.0 244.0 4.4994910000000345
786.0 405.0 4.532645000000002
876.0 271.0 4.517791999999986
743.0 70.0 4.502661000000103
863.0 4.0 4.4746260000000575
486.0 164.0 4.550324000000046
87.0 220.0 4.525146000000063
754.0 2.0 4.477185999999961
559.0 918.0 4.507867999999917
414.0 104.0 4.530008000000066
876.0 317.0 4.521236999999928
471.0 768.0 4.547770000000014
265.0 44.0 4.493526000000088
479.0 633.0 4.52781600000003
444.0 880.0 4.53430800000001
81.0 135.0 4.512996000000044
696.0 402.0 4.5137809999999945
25.0 161.0 4.494951000000015
453.0 792.0 4.544432000000029
177.0 638.0 4.54079200000001
914.0 317.0 4.512653999999998
187.0 578.0 4.5382379999999785
729.0 781.0 4.529352000000017
933.0 582.0 4.509522000000061
148.0 740.0 4.53107399999999
743.0 103.0 4.508832000000098
264.0 803.0 4.524793000000045
811.0 993.0 4.475023999999962
977.0 929.0 4.4718749999999545
375.0 385.0 4.5338669999999865
49.0 207.0 4.506513000000041
198.0 3.0 4.475575000000049
879.0 705.0 4.520562000000041
842.0 243.0 4.5202319999999645
594.0 997.0 4.469263999999953
386.0 47.0 4.505450999999994
230.0 769.0 4.529318999999987
406.0 641.0 4.544023000000038
339.0 669.0 4.550066000000015
864.0 411.0 4.528374999999983
542.0 805.0 4.538692000000083
780.0 39.0 4.491199999999935
855.0 121.0 4.50491999999997
323.0 550.0 4.547276000000011
994.0 189.0 4.4716829999999845
448.0 48.0 4.5032300000000305
214.0 788.0 4.526035999999976
369.0 985.0 4.483636000000047
347.0 731.0 4.5427080000000615
363.0 870.0 4.532069000000092
367.0 829.0 4.536736000000019
737.0 831.0 4.52684499999998
2.0 933.0 4.461090000000013
140.0 317.0 4.5329020000000355
514.0 711.0 4.547669000000042
77.0 959.0 4.4759650000000875
612.0 984.0 4.479022999999984
998.0 558.0 4.476863999999978
2.0 71.0 4.4649839999999585
753.0 392.0 4.529276999999979
924.0 826.0 4.500282999999968
866.0 365.0 4.528083999999922
724.0 902.0 4.513805000000048
163.0 620.0 4.533276000000001
852.0 496.0 4.534194999999954
410.0 620.0 4.5356179999999995
21.0 28.0 4.458684999999946
318.0 253.0 4.546681999999919
2.0 802.0 4.478496000000064
967.0 333.0 4.492286999999919
216.0 636.0 4.538553999999976
668.0 634.0 4.521969000000013
26.0 59.0 4.474415999999906
139.0 284.0 4.533281999999986
962.0 950.0 4.472292999999922
170.0 713.0 4.534820999999965
583.0 910.0 4.510852999999997
589.0 724.0 4.539666000000011
936.0 386.0 4.502411999999936
77.0 34.0 4.479478999999969
840.0 17.0 4.4804679999999735
243.0 863.0 4.519693999999959
50.0 76.0 4.486600000000067
434.0 850.0 4.5376790000000256
200.0 915.0 4.505329999999958
124.0 775.0 4.525232000000074
315.0 788.0 4.529334999999946
4.0 696.0 4.486070000000041
639.0 74.0 4.505903000000103
289.0 831.0 4.527629000000047
983.0 21.0 4.450392000000079
62.0 601.0 4.518516000000091
165.0 805.0 4.521248000000014
233.0 411.0 4.547787999999969
921.0 606.0 4.516199000000029
272.0 1.0 4.479274000000032
886.0 730.0 4.518085000000042
253.0 551.0 4.550314000000071
909.0 925.0 4.490983999999912
267.0 463.0 4.552830999999969
182.0 675.0 4.535175999999979
743.0 533.0 4.527696999999989
660.0 295.0 4.535843
651.0 697.0 4.534049999999979
707.0 914.0 4.506328999999937
548.0 936.0 4.497283999999922
735.0 425.0 4.519444000000021
6.0 108.0 4.4705000000000155
854.0 226.0 4.51697999999999
886.0 115.0 4.4980319999999665
266.0 666.0 4.536830000000009
388.0 234.0 4.555757000000085
267.0 64.0 4.506925000000024
865.0 509.0 4.532551000000012
67.0 890.0 4.499220000000037
803.0 1.0 4.4753520000000435
982.0 358.0 4.486024000000043
954.0 866.0 4.484960000000001
259.0 636.0 4.539545999999973
793.0 354.0 4.538975999999934
763.0 200.0 4.525561000000039
684.0 651.0 4.525334999999927
160.0 564.0 4.53574500000002
782.0 702.0 4.532198999999991
189.0 664.0 4.5380629999999655
631.0 800.0 4.526535999999965
433.0 265.0 4.558537000000001
525.0 198.0 4.559073000000012
609.0 245.0 4.542807000000039
619.0 261.0 4.541560000000004
632.0 282.0 4.536140000000046
641.0 300.0 4.53430400000002
648.0 321.0 4.5280500000000075
481.0 259.0 4.555242000000021
487.0 297.0 4.544652000000042
88.0 5.0 4.465036999999938
144.0 12.0 4.479847000000063
116.0 34.0 4.491534999999999
162.0 6.0 4.4816600000000335
240.0 6.0 4.477312999999981
283.0 19.0 4.485460999999987
303.0 12.0 4.483457000000044
71.0 55.0 4.485290999999961
27.0 81.0 4.479917
85.0 76.0 4.495562000000064
127.0 61.0 4.503681000000029
5.0 151.0 4.479897000000051
360.0 6.0 4.480668000000037
379.0 9.0 4.486942999999997
406.0 29.0 4.496957000000066
484.0 7.0 4.480006000000003
465.0 26.0 4.493833999999993
541.0 9.0 4.480067000000076
527.0 34.0 4.489868000000001
628.0 8.0 4.484189000000015
667.0 2.0 4.4781450000000405
705.0 6.0 4.47754400000008
653.0 52.0 4.5008790000000545
712.0 31.0 4.49179700000002
739.0 35.0 4.489536000000044
802.0 32.0 4.490150999999969
991.0 1.0 4.441181000000029
939.0 52.0 4.476893000000018
910.0 36.0 4.480080000000044
887.0 11.0 4.476183999999989
875.0 25.0 4.481615000000033
986.0 94.0 4.4637519999999995
991.0 54.0 4.46039200000007
775.0 67.0 4.499713999999926
4.0 177.0 4.478682000000049
42.0 172.0 4.502610000000004
66.0 160.0 4.513509999999997
112.0 143.0 4.526467000000025
122.0 167.0 4.532426999999984
79.0 187.0 4.51886300000001
177.0 168.0 4.534834000000046
4.0 204.0 4.4820720000000165
6.0 230.0 4.4816130000000385
184.0 192.0 4.534107000000063
107.0 191.0 4.525679999999966
266.0 155.0 4.528748000000064
288.0 141.0 4.525235000000066
242.0 202.0 4.533953999999994
308.0 155.0 4.531655999999998
330.0 81.0 4.51694800000007
349.0 93.0 4.51696800000002
400.0 79.0 4.518173000000047
376.0 69.0 4.5125960000000305
399.0 123.0 4.5352810000000545
392.0 145.0 4.541050000000041
355.0 119.0 4.530212000000006
321.0 127.0 4.530796000000009
373.0 168.0 4.54353100000003
401.0 167.0 4.545987000000082
427.0 135.0 4.5375080000000025
65.0 240.0 4.513398000000052
30.0 263.0 4.496939999999995
57.0 302.0 4.51057000000003
9.0 344.0 4.475463999999988
65.0 331.0 4.510661000000027
87.0 305.0 4.519845000000032
111.0 322.0 4.528739999999971
9.0 367.0 4.475108999999975
111.0 356.0 4.524321999999984
57.0 424.0 4.503730000000019
86.0 414.0 4.513959
115.0 408.0 4.528529999999932
147.0 368.0 4.535144000000059
153.0 246.0 4.533809000000019
208.0 246.0 4.53468399999997
179.0 235.0 4.5371939999999995
162.0 301.0 4.53751299999999
195.0 288.0 4.5421629999999595
201.0 261.0 4.538753999999926
6.0 484.0 4.477690000000052
280.0 213.0 4.52839999999992
240.0 246.0 4.536771999999928
277.0 250.0 4.536764999999946
313.0 224.0 4.5377019999999675
348.0 210.0 4.550189000000046
382.0 193.0 4.549717000000101
410.0 190.0 4.553848000000016
471.0 147.0 4.545842999999991
428.0 208.0 4.561035000000061
444.0 189.0 4.558283000000074
403.0 217.0 4.555901000000063
348.0 240.0 4.550620999999978
347.0 266.0 4.554219999999987
379.0 255.0 4.5565279999999575
406.0 247.0 4.55943000000002
387.0 300.0 4.550462999999922
325.0 299.0 4.55221999999992
284.0 286.0 4.547867999999994
272.0 304.0 4.543081000000029
225.0 302.0 4.543938000000026
193.0 305.0 4.541425000000004
7.0 514.0 4.480967000000078
9.0 551.0 4.482390000000009
13.0 591.0 4.482428000000027
5.0 568.0 4.479807000000051
71.0 544.0 4.519053000000099
85.0 505.0 4.519761000000017
102.0 436.0 4.518160999999964
110.0 510.0 4.525654000000031
170.0 384.0 4.538332000000082
203.0 436.0 4.538639999999987
201.0 360.0 4.542597000000001
266.0 327.0 4.549430000000029
246.0 365.0 4.548241999999959
290.0 331.0 4.551035999999954
319.0 326.0 4.5511379999999235
341.0 337.0 4.552538000000027
288.0 380.0 4.5539569999999685
292.0 360.0 4.552937999999926
166.0 486.0 4.527031000000079
486.0 70.0 4.5130320000000665
516.0 66.0 4.5087630000000445
519.0 176.0 4.5566519999999855
555.0 159.0 4.5481640000000425
598.0 188.0 4.545772000000056
590.0 155.0 4.544744000000037
642.0 180.0 4.543498999999997
621.0 165.0 4.539922000000047
618.0 132.0 4.525506000000064
591.0 39.0 4.495842000000039
600.0 70.0 4.50787200000002
636.0 121.0 4.521555000000035
646.0 148.0 4.530509000000052
665.0 118.0 4.51834800000006
777.0 114.0 4.503504000000021
745.0 165.0 4.522384999999986
737.0 184.0 4.526405999999952
630.0 224.0 4.542726000000016
654.0 205.0 4.543198999999959
672.0 227.0 4.543976000000043
654.0 264.0 4.5402239999999665
711.0 241.0 4.536909000000037
699.0 269.0 4.533185000000003
721.0 261.0 4.536589999999933
740.0 246.0 4.5324620000000095
767.0 232.0 4.52996799999994
819.0 138.0 4.507022000000006
845.0 147.0 4.505998999999974
874.0 139.0 4.501176999999984
890.0 49.0 4.48748999999998
889.0 79.0 4.494527999999946
912.0 88.0 4.49066700000003
914.0 109.0 4.49086699999998
979.0 158.0 4.472942999999987
998.0 172.0 4.467991999999981
928.0 142.0 4.4890570000000025
907.0 152.0 4.495923999999945
898.0 184.0 4.504281999999989
842.0 206.0 4.517823000000021
816.0 223.0 4.51845400000002
792.0 250.0 4.525833000000034
821.0 262.0 4.525691999999935
811.0 289.0 4.5307129999999916
677.0 319.0 4.531677000000059
718.0 300.0 4.535770999999954
699.0 296.0 4.532685000000015
717.0 346.0 4.532832999999982
771.0 326.0 4.537450999999919
759.0 354.0 4.536550999999918
740.0 355.0 4.5352269999999635
683.0 384.0 4.509259000000043
721.0 385.0 4.524355000000014
800.0 329.0 4.537638000000015
819.0 326.0 4.537707999999952
844.0 289.0 4.5265190000000075
888.0 232.0 4.513794999999959
918.0 207.0 4.500788999999941
871.0 205.0 4.510852
923.0 178.0 4.496264999999994
941.0 196.0 4.497253000000001
938.0 215.0 4.500036000000023
978.0 199.0 4.481420999999955
991.0 224.0 4.478893999999968
994.0 264.0 4.478582999999958
965.0 292.0 4.492392999999993
903.0 284.0 4.5135349999999335
868.0 288.0 4.518209999999954
871.0 246.0 4.518240999999989
998.0 309.0 4.474886999999967
998.0 364.0 4.476837000000046
915.0 365.0 4.514380999999958
888.0 341.0 4.5215429999999515
858.0 332.0 4.5280480000000125
816.0 358.0 4.537327000000005
804.0 380.0 4.537197999999989
863.0 390.0 4.5277829999999994
905.0 385.0 4.515082000000007
920.0 410.0 4.50978699999996
988.0 439.0 4.474318999999923
959.0 375.0 4.49555799999996
995.0 460.0 4.472307000000001
885.0 431.0 4.522794999999974
726.0 412.0 4.522548000000029
683.0 419.0 4.511672999999973
751.0 450.0 4.524433999999928
826.0 489.0 4.536814999999933
933.0 510.0 4.50538999999992
948.0 548.0 4.500916000000075
997.0 526.0 4.476102999999966
977.0 565.0 4.489168000000063
882.0 524.0 4.5309819999999945
733.0 561.0 4.527018999999996
836.0 606.0 4.538940000000025
455.0 274.0 4.555356000000074
461.0 312.0 4.542163000000073
395.0 382.0 4.533335999999963
362.0 428.0 4.543853000000013
322.0 384.0 4.551036999999951
303.0 408.0 4.553134
298.0 474.0 4.55275800000004
252.0 429.0 4.554700000000025
259.0 490.0 4.550003000000061
953.0 519.0 4.494602999999984
971.0 531.0 4.488394999999969
184.0 549.0 4.536555000000021
216.0 571.0 4.541598000000022
214.0 540.0 4.542736999999988
283.0 492.0 4.547501000000011
282.0 520.0 4.546498000000042
278.0 550.0 4.5474100000000135
336.0 581.0 4.5481640000000425
288.0 567.0 4.549261000000001
322.0 496.0 4.546300999999971
353.0 600.0 4.5445720000000165
372.0 607.0 4.543981000000031
363.0 585.0 4.54233899999997
400.0 607.0 4.538463999999976
378.0 652.0 4.544444999999996
376.0 679.0 4.542462999999998
401.0 656.0 4.544242000000054
571.0 601.0 4.50601400000005
734.0 652.0 4.534672999999998
806.0 652.0 4.536921000000007
837.0 673.0 4.529464000000075
964.0 619.0 4.501248999999916
981.0 644.0 4.489691999999991
954.0 641.0 4.503264999999942
945.0 707.0 4.497834000000012
855.0 698.0 4.527502000000027
786.0 734.0 4.528682000000003
713.0 670.0 4.533517999999958
729.0 697.0 4.53616999999997
735.0 741.0 4.531378000000018
551.0 662.0 4.52995199999998
644.0 628.0 4.514620000000036
318.0 572.0 4.548608000000058
305.0 621.0 4.549639999999954
278.0 609.0 4.549309999999991
139.0 582.0 4.538601999999969
99.0 592.0 4.530366000000072
122.0 592.0 4.535479000000009
32.0 630.0 4.501739000000043
110.0 687.0 4.529851000000008
14.0 653.0 4.493523000000096
239.0 647.0 4.538730999999984
193.0 614.0 4.537339999999972
224.0 614.0 4.538911999999982
997.0 669.0 4.480194999999981
995.0 746.0 4.474421000000007
996.0 781.0 4.472826000000055
977.0 770.0 4.483568999999989
978.0 745.0 4.483278000000041
998.0 706.0 4.476574999999912
993.0 725.0 4.4761290000000145
995.0 850.0 4.471316999999999
991.0 875.0 4.471332000000075
999.0 893.0 4.468359000000078
992.0 954.0 4.462602999999945
965.0 999.0 4.455641999999898
924.0 995.0 4.465696999999977
861.0 994.0 4.470164999999952
834.0 999.0 4.470609999999965
771.0 996.0 4.476437999999916
793.0 993.0 4.4805869999999
651.0 998.0 4.475240999999983
627.0 998.0 4.473017000000027
564.0 998.0 4.465868999999998
527.0 999.0 4.472132999999985
450.0 993.0 4.481778000000077
415.0 997.0 4.481718999999998
356.0 997.0 4.471393000000035
316.0 996.0 4.469694000000004
274.0 989.0 4.473932999999988
241.0 997.0 4.47218399999997
194.0 995.0 4.479196999999999
119.0 999.0 4.4622439999999415
33.0 990.0 4.457007999999973
16.0 992.0 4.445133999999939
1.0 965.0 4.446008000000006
4.0 904.0 4.46688800000004
1.0 855.0 4.474859000000038
2.0 870.0 4.469970999999987
2.0 760.0 4.477056000000061
12.0 733.0 4.491911000000073
6.0 667.0 4.487768000000074
4.0 615.0 4.488173999999958
2.0 426.0 4.473840999999993
919.0 561.0 4.513844000000063
991.0 585.0 4.481380999999942
949.0 593.0 4.503404000000046
897.0 773.0 4.511008000000061
902.0 836.0 4.5055739999999105
922.0 866.0 4.493439999999964
913.0 902.0 4.494890999999939
873.0 896.0 4.503983999999946
823.0 850.0 4.51433899999995
822.0 819.0 4.5216440000000375
804.0 863.0 4.512096999999926
777.0 865.0 4.518774000000008
708.0 879.0 4.520672999999988
671.0 796.0 4.525156000000038
666.0 829.0 4.526358999999957
643.0 849.0 4.525365999999963
644.0 758.0 4.53598599999998
679.0 701.0 4.537601999999993
859.0 714.0 4.521326000000045
908.0 712.0 4.5108470000000125
490.0 693.0 4.54539699999998
434.0 637.0 4.537994000000026
320.0 673.0 4.5446660000000065
296.0 685.0 4.539290000000051
275.0 690.0 4.534897000000001
243.0 677.0 4.534305000000018
222.0 717.0 4.534020000000055
220.0 742.0 4.534445000000005
218.0 683.0 4.538399000000027
278.0 770.0 4.526517000000013
292.0 792.0 4.522670999999946
327.0 738.0 4.541290000000004
369.0 728.0 4.547478000000069
366.0 746.0 4.547067000000084
357.0 794.0 4.536072999999988
317.0 762.0 4.533529000000044
427.0 791.0 4.544278000000077
475.0 797.0 4.545479999999998
442.0 824.0 4.538719000000015
483.0 736.0 4.551038000000062
592.0 767.0 4.5380649999999605
569.0 770.0 4.542360000000031
611.0 755.0 4.5370699999999715
28.0 606.0 4.500207000000046
50.0 752.0 4.510624000000007
55.0 714.0 4.510899999999992
171.0 746.0 4.532090000000039
168.0 766.0 4.5259829999999965
191.0 769.0 4.525658000000021
103.0 788.0 4.520268999999985
77.0 840.0 4.506930000000011
99.0 867.0 4.510601000000065
69.0 851.0 4.502721000000065
50.0 878.0 4.495603000000074
33.0 894.0 4.483167999999978
91.0 904.0 4.500811999999996
96.0 923.0 4.491203000000041
171.0 889.0 4.514106999999967
166.0 851.0 4.517156999999997
149.0 908.0 4.508152999999993
21.0 810.0 4.488640000000032
253.0 829.0 4.521431000000007
265.0 907.0 4.513665999999944
269.0 889.0 4.517555000000016
310.0 818.0 4.530264999999986
405.0 919.0 4.51817200000005
386.0 894.0 4.527457000000027
464.0 917.0 4.51747499999999
447.0 964.0 4.494721000000027
473.0 936.0 4.511237000000051
540.0 974.0 4.4822059999999055
651.0 929.0 4.500005999999985
681.0 929.0 4.502395999999976
893.0 972.0 4.477004999999963
866.0 949.0 4.490470999999957
805.0 966.0 4.484932999999955
830.0 945.0 4.496100999999953
617.0 935.0 4.501479999999901
740.0 769.0 4.521509000000037
732.0 946.0 4.496138999999971
848.0 905.0 4.501890000000003
829.0 978.0 4.481139999999982
899.0 950.0 4.485919999999965
915.0 951.0 4.482108999999923
959.0 909.0 4.480330999999978
505.0 870.0 4.52672599999994
468.0 972.0 4.488085000000069
299.0 888.0 4.5192650000000185
409.0 963.0 4.495404000000008
434.0 980.0 4.485337000000072
172.0 965.0 4.491066000000046
199.0 948.0 4.495107999999959
175.0 920.0 4.504313000000025
34.0 948.0 4.468600000000038
94.0 945.0 4.482286000000045
200.0 856.0 4.517881999999986
228.0 852.0 4.519519999999943
216.0 878.0 4.516728999999941
189.0 875.0 4.5172790000000305
519.0 975.0 4.486018999999942
524.0 950.0 4.49248799999998
518.0 830.0 4.536317000000054
522.0 851.0 4.533402000000024
740.0 678.0 4.5369969999999284
898.0 885.0 4.498572999999965
565.0 821.0 4.531480999999985
524.0 784.0 4.546280000000024
378.0 808.0 4.539159000000041
493.0 924.0 4.512948999999935
969.0 107.0 4.474082000000067
527.0 234.0 4.551353000000063
552.0 237.0 4.545949000000064
572.0 253.0 4.543769999999995
591.0 264.0 4.539218000000005
607.0 281.0 4.537696000000096
632.0 325.0 4.525677999999971
504.0 229.0 4.555433999999991
498.0 274.0 4.547501000000011
513.0 294.0 4.541502000000037
548.0 217.0 4.546220000000062
551.0 190.0 4.5495030000000725
601.0 225.0 4.545808000000079
578.0 223.0 4.543557000000078
575.0 199.0 4.547181000000023
870.0 968.0 4.480714999999918
916.0 981.0 4.472833999999921
739.0 969.0 4.491777999999954
641.0 950.0 4.49568499999998
746.0 873.0 4.522377000000006
145.0 851.0 4.517866000000026
51.0 853.0 4.500565000000051
86.0 884.0 4.506087999999977
151.0 780.0 4.526922000000013
166.0 327.0 4.534111999999936
832.0 115.0 4.506130999999982
528.0 268.0 4.541020000000003
549.0 277.0 4.533434000000057
606.0 318.0 4.5226880000000165
619.0 348.0 4.507075999999984
630.0 363.0 4.506935999999996
563.0 326.0 4.509692000000086
547.0 309.0 4.520279000000073
586.0 372.0 4.488205999999991
661.0 346.0 4.5208639999999605
585.0 344.0 4.507534999999962
504.0 247.0 4.555175000000077
439.0 602.0 4.520706000000018
458.0 630.0 4.52628100000004
694.0 578.0 4.51721699999996
631.0 609.0 4.510586999999987
495.0 611.0 4.52505199999996
895.0 615.0 4.527054000000021
785.0 843.0 4.52029600000003
669.0 851.0 4.522356999999943
649.0 874.0 4.520047999999974
632.0 896.0 4.514683999999988
688.0 893.0 4.5157480000000305
664.0 902.0 4.513063999999986
854.0 930.0 4.496116999999913
791.0 772.0 4.519199999999955
766.0 776.0 4.521215999999981
745.0 802.0 4.529046999999991
730.0 812.0 4.52958000000001
710.0 839.0 4.526231999999936
155.0 523.0 4.531645000000026
132.0 796.0 4.520809999999983
231.0 797.0 4.522827000000007
443.0 938.0 4.50949700000001
454.0 902.0 4.521971000000008
598.0 892.0 4.518498999999906
273.0 184.0 4.528953999999999
367.0 147.0 4.533025000000066
379.0 117.0 4.5280500000000075
702.0 133.0 4.521613000000002
295.0 186.0 4.534261000000015
773.0 6.0 4.48004299999991
918.0 427.0 4.5070559999999205
273.0 348.0 4.551778000000013
248.0 337.0 4.545789000000013
225.0 354.0 4.5443989999999985
233.0 375.0 4.54720599999996
209.0 385.0 4.544528000000014
207.0 405.0 4.543111999999951
182.0 409.0 4.538835000000063
182.0 440.0 4.540740000000028
129.0 520.0 4.528297000000066
140.0 542.0 4.5318620000000465
95.0 567.0 4.525589000000082
312.0 424.0 4.5508969999999636
851.0 809.0 4.517396000000076
880.0 843.0 4.506505999999945
233.0 978.0 4.482460999999944
212.0 992.0 4.4732400000000325
325.0 843.0 4.5309630000000425
329.0 860.0 4.528340999999955
347.0 818.0 4.535122000000001
349.0 847.0 4.533307000000036
140.0 639.0 4.53914199999997
358.0 921.0 4.5183889999999565
391.0 437.0 4.529171000000019
367.0 471.0 4.538293000000067
337.0 466.0 4.5456609999999955
431.0 707.0 4.548682999999983
407.0 683.0 4.544970000000035
409.0 708.0 4.549874000000045
419.0 734.0 4.55143099999998
434.0 681.0 4.544056000000069
469.0 697.0 4.544732000000067
454.0 716.0 4.548879000000056
483.0 714.0 4.548789000000056
547.0 688.0 4.54037500000004
538.0 702.0 4.543598999999972
231.0 956.0 4.491361999999981
252.0 966.0 4.485220000000027
265.0 945.0 4.495024999999941
314.0 949.0 4.4968470000000025
293.0 931.0 4.507402999999954
3.0 457.0 4.4752770000000055
28.0 477.0 4.487678999999957
164.0 454.0 4.533684999999991
135.0 464.0 4.526462000000038
79.0 474.0 4.516705999999999
56.0 493.0 4.50658199999998
64.0 524.0 4.513974000000076
104.0 92.0 4.514054999999985
82.0 113.0 4.510515000000055
57.0 119.0 4.499817000000007
134.0 129.0 4.526395999999977
106.0 117.0 4.520150000000058
655.0 26.0 4.488395000000082
630.0 39.0 4.4930400000000645
610.0 23.0 4.48873100000003
612.0 55.0 4.503942000000052
84.0 256.0 4.523791000000074
77.0 285.0 4.516982999999982
145.0 262.0 4.532987000000048
118.0 261.0 4.527940000000058
271.0 111.0 4.520571000000018
305.0 108.0 4.5246250000000146
280.0 91.0 4.5186350000000175
301.0 84.0 4.510401000000002
293.0 54.0 4.499002000000019
320.0 56.0 4.502019000000018
346.0 54.0 4.503535000000056
357.0 39.0 4.4966249999999945
684.0 24.0 4.487855000000081
688.0 38.0 4.495589999999993
322.0 38.0 4.492524000000003
302.0 34.0 4.493498000000045
918.0 476.0 4.512674999999945
941.0 493.0 4.5004410000000235
963.0 480.0 4.487810999999965
937.0 467.0 4.503608999999983
950.0 442.0 4.495495000000005
876.0 447.0 4.5257910000000265
891.0 465.0 4.525365999999963
691.0 966.0 4.489128999999934
589.0 972.0 4.48493499999995
601.0 952.0 4.486546999999973
578.0 943.0 4.491938000000005
607.0 799.0 4.535547999999949
242.0 889.0 4.518336999999974
289.0 165.0 4.530002999999965
58.0 260.0 4.510022000000049
41.0 240.0 4.503730000000019
26.0 214.0 4.494212000000061
2.0 258.0 4.479628000000048
13.0 279.0 4.484383999999977
29.0 314.0 4.495187999999985
67.0 361.0 4.510925000000043
86.0 379.0 4.515309000000002
31.0 394.0 4.495056999999974
66.0 389.0 4.506680999999958
242.0 698.0 4.533035000000041
314.0 643.0 4.548940000000016
299.0 659.0 4.546255999999971
330.0 697.0 4.545027000000005
319.0 721.0 4.539760000000001
292.0 707.0 4.533311000000026
277.0 717.0 4.535008000000062
295.0 741.0 4.533337999999958
269.0 742.0 4.530472000000032
244.0 741.0 4.534914999999955
459.0 823.0 4.54224499999998
458.0 853.0 4.53565500000002
505.0 797.0 4.542737999999986
644.0 674.0 4.530285999999933
736.0 722.0 4.530455999999958
770.0 473.0 4.529690999999957
770.0 435.0 4.527201999999988
719.0 206.0 4.535205000000019
683.0 251.0 4.539297000000033
696.0 218.0 4.539785000000052
713.0 185.0 4.533415999999988
680.0 150.0 4.529779000000076
687.0 178.0 4.535132999999973
676.0 199.0 4.540877000000023
122.0 203.0 4.531632000000059
141.0 84.0 4.516212999999993
205.0 63.0 4.504447000000027
393.0 939.0 4.508960999999999
384.0 966.0 4.492932999999994
834.0 647.0 4.537627000000043
866.0 669.0 4.527950000000033
905.0 653.0 4.519362000000001
921.0 634.0 4.514543000000003
947.0 615.0 4.5084659999999985
951.0 658.0 4.502401999999961
789.0 563.0 4.530823000000055
814.0 586.0 4.537048000000027
861.0 561.0 4.532613999999967
886.0 552.0 4.529863999999975
874.0 631.0 4.527815000000032
833.0 624.0 4.53723100000002
804.0 614.0 4.541306000000077
784.0 516.0 4.536112000000003
806.0 498.0 4.536936999999966
976.0 505.0 4.484284000000002
450.0 82.0 4.520222999999987
534.0 135.0 4.537656000000084
568.0 138.0 4.537663000000066
558.0 111.0 4.52743600000008
580.0 108.0 4.519809000000009
495.0 42.0 4.498248999999987
560.0 34.0 4.491671999999994
542.0 56.0 4.49664800000005
173.0 63.0 4.508583000000044
240.0 113.0 4.522913000000017
261.0 135.0 4.526636000000053
237.0 142.0 4.528884000000062
189.0 131.0 4.53096000000005
249.0 94.0 4.520017000000053
195.0 106.0 4.523233000000005
184.0 84.0 4.516554000000042
170.0 94.0 4.518110999999976
162.0 125.0 4.529382000000055
137.0 105.0 4.521153000000027
953.0 23.0 4.458517000000029
967.0 40.0 4.462513000000058
576.0 686.0 4.537026999999966
552.0 608.0 4.50812499999995
528.0 643.0 4.530234999999948
512.0 661.0 4.53393600000004
456.0 676.0 4.544965000000047
479.0 657.0 4.536826000000019
616.0 668.0 4.531555000000026
599.0 684.0 4.536473999999998
623.0 695.0 4.539238999999952
593.0 703.0 4.5404179999999315
647.0 735.0 4.539541999999983
665.0 722.0 4.540302999999994
302.0 538.0 4.547600999999986
757.0 617.0 4.533083000000033
665.0 745.0 4.535077000000001
688.0 732.0 4.538049999999998
756.0 915.0 4.511392000000001
727.0 926.0 4.504706000000056
781.0 891.0 4.510827999999947
817.0 904.0 4.506101999999942
811.0 886.0 4.511449999999968
843.0 849.0 4.5112009999999145
863.0 857.0 4.507234999999923
861.0 878.0 4.505076999999915
838.0 878.0 4.508244999999988
567.0 884.0 4.520477999999912
549.0 869.0 4.526371999999924
565.0 843.0 4.524731999999972
806.0 730.0 4.528151999999977
830.0 735.0 4.5263499999999794
804.0 704.0 4.531680000000051
815.0 686.0 4.53119300000003
849.0 744.0 4.516635000000065
892.0 806.0 4.511846999999989
869.0 796.0 4.515498999999977
159.0 697.0 4.540495999999962
60.0 666.0 4.518674000000033
31.0 579.0 4.503516000000104
120.0 541.0 4.526292000000012
94.0 534.0 4.52330100000006
110.0 456.0 4.517999000000032
77.0 444.0 4.51057400000002
47.0 445.0 4.495855000000006
26.0 448.0 4.487447999999972
36.0 509.0 4.499239000000102
40.0 537.0 4.500594000000092
45.0 559.0 4.51185200000009
68.0 570.0 4.521273000000065
608.0 97.0 4.513042000000041
664.0 74.0 4.506767000000082
690.0 65.0 4.503260000000068
764.0 89.0 4.503405000000043
753.0 123.0 4.514914999999974
956.0 70.0 4.474422000000004
497.0 460.0 4.4399009999999635
390.0 457.0 4.520753000000013
358.0 448.0 4.53904399999999
972.0 415.0 4.486132999999995
948.0 408.0 4.495669000000021
974.0 388.0 4.488871000000017
774.0 604.0 4.532943000000046
759.0 559.0 4.530228000000079
777.0 539.0 4.532656999999972
805.0 547.0 4.534577000000013
838.0 524.0 4.535607000000027
816.0 519.0 4.537852999999927
826.0 545.0 4.537575000000061
828.0 570.0 4.53427099999999
861.0 585.0 4.532275000000027
893.0 578.0 4.523019999999974
872.0 607.0 4.529426000000058
851.0 637.0 4.533714000000032
884.0 658.0 4.527056000000016
213.0 458.0 4.545730000000049
192.0 471.0 4.539715000000001
234.0 499.0 4.5497700000000805
198.0 504.0 4.540471000000025
100.0 734.0 4.523878000000082
143.0 712.0 4.534581000000003
71.0 647.0 4.523963000000094
55.0 624.0 4.516687000000047
115.0 618.0 4.535033999999996
94.0 630.0 4.52965800000004
125.0 659.0 4.5381660000000466
97.0 658.0 4.531419000000028
81.0 704.0 4.523678000000018
120.0 706.0 4.535456000000067
128.0 735.0 4.52947000000006
101.0 756.0 4.521236000000044
75.0 754.0 4.51352600000007
72.0 726.0 4.517790999999988
74.0 776.0 4.517392000000086
84.0 801.0 4.516296000000011
104.0 843.0 4.511376000000041
94.0 824.0 4.513404000000037
64.0 816.0 4.505374000000074
47.0 798.0 4.504384000000073
33.0 830.0 4.4922390000000405
216.0 482.0 4.546256999999969
585.0 90.0 4.516266000000087
381.0 522.0 4.532693999999992
382.0 542.0 4.53248700000006
330.0 524.0 4.544100000000071
347.0 550.0 4.544851999999992
379.0 566.0 4.53887700000007
472.0 93.0 4.5242640000000165
506.0 93.0 4.522839999999974
534.0 87.0 4.518646999999987
560.0 85.0 4.5118400000000065
530.0 113.0 4.5325599999999895
510.0 126.0 4.5356270000000904
484.0 113.0 4.531394999999975
447.0 105.0 4.5336770000000115
419.0 161.0 4.547666000000049
441.0 152.0 4.548978000000034
468.0 176.0 4.555838999999992
462.0 208.0 4.563537999999994
486.0 206.0 4.559656000000018
499.0 186.0 4.55758800000001
814.0 107.0 4.505837000000042
833.0 88.0 4.501492999999982
811.0 82.0 4.50166200000001
818.0 53.0 4.493915000000015
785.0 93.0 4.5039299999999685
923.0 758.0 4.50306599999999
887.0 752.0 4.511882000000014
993.0 805.0 4.4773680000000695
972.0 815.0 4.4798450000000685
967.0 790.0 4.482906000000071
936.0 804.0 4.4977700000000596
914.0 796.0 4.510241000000065
994.0 496.0 4.474670999999944
736.0 633.0 4.53301399999998
768.0 637.0 4.535910000000058
789.0 640.0 4.536339999999996
753.0 576.0 4.531463000000031
741.0 599.0 4.527476999999976
719.0 612.0 4.526553000000035
314.0 204.0 4.531705000000102
340.0 361.0 4.546846999999957
235.0 558.0 4.54571599999997
344.0 141.0 4.536335000000008
332.0 154.0 4.535129000000097
341.0 178.0 4.544086000000107
359.0 187.0 4.5415610000000015
726.0 991.0 4.480565999999953
709.0 956.0 4.4944849999999406
699.0 933.0 4.5012819999999465
539.0 554.0 4.460868000000005
564.0 359.0 4.493065000000001
543.0 343.0 4.502708000000098
521.0 332.0 4.516401000000087
511.0 477.0 1.74966500000005
512.0 587.0 4.501351
616.0 417.0 4.465925999999968
629.0 439.0 4.463105000000041
644.0 464.0 4.4644120000000385
659.0 481.0 4.482553000000053
679.0 528.0 4.503032999999959
689.0 548.0 4.506312999999977
711.0 520.0 4.515657000000033
716.0 563.0 4.523911999999996
720.0 589.0 4.52470100000005
963.0 461.0 4.490464999999972
704.0 977.0 4.485845999999924
533.0 895.0 4.516797999999994
497.0 897.0 4.519207999999935
424.0 817.0 4.541208999999981
413.0 848.0 4.5354540000000725
773.0 496.0 4.533445000000029
795.0 470.0 4.532663999999954
796.0 454.0 4.53023399999995
834.0 465.0 4.534518999999932
674.0 94.0 4.512634000000048
695.0 101.0 4.515827000000058
100.0 25.0 4.478160000000003
69.0 207.0 4.516436999999996
662.0 981.0 4.4770469999999705
636.0 975.0 4.480771000000004
619.0 960.0 4.490204999999946
834.0 389.0 4.537499000000025
567.0 7.0 4.478482999999983
590.0 2.0 4.479530000000068
804.0 197.0 4.511339000000021
791.0 159.0 4.513047000000029
446.0 243.0 4.560051000000044
427.0 232.0 4.558800000000019
477.0 230.0 4.557284000000095
214.0 141.0 4.527572000000077
221.0 175.0 4.533769000000007
202.0 166.0 4.535671999999977
166.0 143.0 4.533549999999991
216.0 114.0 4.523437000000058
246.0 66.0 4.505917000000068
247.0 24.0 4.48682400000007
586.0 306.0 4.525414000000069
569.0 279.0 4.537279000000012
428.0 304.0 4.547334000000092
380.0 362.0 4.541986999999949
419.0 395.0 4.510377999999946
693.0 599.0 4.519778999999971
686.0 618.0 4.5212060000000065
709.0 639.0 4.523781999999983
190.0 379.0 4.539135999999985
634.0 411.0 4.480376999999976
662.0 404.0 4.498822000000018
645.0 379.0 4.4995870000000195
648.0 431.0 4.477595000000065
704.0 453.0 4.507440999999972
710.0 430.0 4.509429000000068
689.0 484.0 4.503749999999968
691.0 506.0 4.5021880000000465
552.0 574.0 4.482316999999966
442.0 396.0 4.503152
435.0 428.0 4.492687000000046
440.0 454.0 4.479278000000022
411.0 449.0 4.5073790000000145
405.0 414.0 4.518279000000007
370.0 407.0 4.5396879999999555
217.0 85.0 4.516908000000058
46.0 32.0 4.471211999999923
586.0 410.0 4.4495339999999715
589.0 444.0 3.6687650000000076
613.0 455.0 4.456535000000031
485.0 423.0 4.457599999999957
490.0 403.0 4.468642000000045
510.0 394.0 4.469025999999985
524.0 411.0 4.45043499999997
353.0 773.0 4.539034000000015
335.0 788.0 4.535702000000015
803.0 268.0 4.528596999999991
951.0 97.0 4.482984999999985
996.0 637.0 4.481918999999948
638.0 777.0 4.536771999999928
387.0 629.0 4.542543000000023
449.0 472.0 4.480504999999994
505.0 558.0 4.49202200000002
487.0 583.0 4.503841999999963
495.0 534.0 4.467394000000013
516.0 531.0 4.442397999999912
423.0 370.0 4.526561000000015
404.0 348.0 4.536548999999923
407.0 315.0 4.544642999999951
996.0 75.0 4.461430000000064
975.0 72.0 4.466140999999993
48.0 50.0 4.473298999999997
890.0 207.0 4.509093000000007
200.0 804.0 4.523298999999952
507.0 503.0 4.055840999999987
428.0 497.0 4.505621000000019
403.0 509.0 4.521244000000024
421.0 547.0 4.520254000000023
426.0 575.0 4.51853200000005
399.0 563.0 4.535186999999951
395.0 588.0 4.537363000000028
606.0 616.0 4.510150999999951
592.0 592.0 4.505468999999948
607.0 571.0 4.490234999999984
621.0 586.0 4.4995910000000094
696.0 753.0 4.5329719999999725
613.0 646.0 4.522134999999935
575.0 630.0 4.520053999999959
539.0 633.0 4.5222949999999855
587.0 649.0 4.5210120000000416
98.0 392.0 4.516081999999983
352.0 318.0 4.548114999999939
349.0 293.0 4.550764999999956
170.0 24.0 4.486641999999961
468.0 459.0 4.453942999999981
480.0 483.0 4.441989000000035
478.0 511.0 4.462106999999946
470.0 538.0 4.486099999999965
475.0 557.0 4.502147000000036
449.0 574.0 4.518838999999957
468.0 603.0 4.516638000000057
535.0 388.0 4.466773999999987
513.0 437.0 1.7499669999999696
533.0 458.0 1.7515159999999241
590.0 473.0 3.667177000000038
588.0 502.0 4.0496839999999565
603.0 519.0 4.449050000000057
621.0 508.0 4.4622040000000425
612.0 487.0 4.443262000000004
617.0 530.0 4.47193500000003
567.0 511.0 3.293818999999985
530.0 576.0 4.487985999999978
735.0 505.0 4.52470900000003
746.0 480.0 4.522710000000075
727.0 457.0 4.514562000000069
673.0 452.0 4.497297000000003
613.0 389.0 4.488192000000026
606.0 360.0 4.498973999999976
403.0 276.0 4.553800000000024
371.0 278.0 4.55143099999998
377.0 324.0 4.543009999999981
359.0 351.0 4.546349999999961
416.0 470.0 4.508184000000028
452.0 500.0 4.485901000000013
451.0 528.0 4.490615000000048
415.0 523.0 4.514994999999999
445.0 551.0 4.508415000000014
145.0 151.0 4.531718000000069
45.0 51.0 4.476564999999937
