21.0 965.0 2.0
147.0 951.0 2.0
916.0 9.0 1.0
983.0 906.0 2.0
982.0 242.0 2.0
64.0 96.0 2.0
943.0 684.0 3.0
43.0 374.0 1.0
48.0 973.0 3.0
989.0 978.0 3.0
356.0 952.0 2.0
515.0 930.0 4.0
839.0 41.0 4.0
799.0 927.0 1.0
552.0 958.0 1.0
22.0 528.0 3.0
184.0 937.0 3.0
921.0 237.0 2.0
319.0 913.0 2.0
60.0 465.0 1.0
998.0 991.0 3.0
518.0 912.0 3.0
307.0 983.0 1.0
210.0 37.0 3.0
933.0 293.0 1.0
19.0 764.0 1.0
764.0 942.0 3.0
553.0 904.0 1.0
917.0 264.0 2.0
862.0 87.0 4.0
980.0 679.0 3.0
27.0 717.0 1.0
471.0 59.0 4.0
926.0 277.0 2.0
335.0 957.0 1.0
156.0 927.0 2.0
939.0 982.0 3.0
64.0 7.0 4.0
427.0 76.0 3.0
395.0 999.0 2.0
36.0 343.0 1.0
822.0 19.0 3.0
139.0 980.0 1.0
418.0 53.0 3.0
24.0 924.0 1.0
11.0 393.0 3.0
968.0 847.0 3.0
913.0 452.0 4.0
27.0 741.0 2.0
921.0 667.0 1.0
86.0 344.0 1.0
964.0 683.0 2.0
995.0 932.0 2.0
778.0 969.0 2.0
868.0 53.0 2.0
955.0 260.0 1.0
96.0 66.0 1.0
29.0 8.0 1.0
19.0 782.0 3.0
2.0 11.0 3.0
998.0 25.0 1.0
931.0 89.0 1.0
701.0 995.0 1.0
912.0 67.0 1.0
87.0 991.0 3.0
961.0 220.0 2.0
564.0 988.0 10.0
458.0 6.0 6.0
106.0 976.0 1.0
985.0 285.0 3.0
226.0 49.0 1.0
931.0 14.0 2.0
42.0 775.0 1.0
787.0 916.0 1.0
991.0 615.0 2.0
225.0 7.0 2.0
644.0 98.0 1.0
64.0 944.0 1.0
410.0 1.0 7.0
917.0 694.0 2.0
955.0 820.0 3.0
14.0 129.0 1.0
255.0 925.0 3.0
995.0 826.0 3.0
287.0 961.0 2.0
28.0 198.0 1.0
940.0 843.0 2.0
955.0 6.0 2.0
4.0 312.0 2.0
840.0 55.0 7.0
977.0 891.0 2.0
416.0 939.0 4.0
994.0 401.0 5.0
278.0 972.0 2.0
936.0 244.0 4.0
743.0 70.0 3.0
754.0 2.0 2.0
265.0 44.0 1.0
81.0 135.0 1.0
811.0 993.0 1.0
198.0 3.0 1.0
780.0 39.0 3.0
924.0 826.0 1.0
77.0 34.0 4.0
50.0 76.0 4.0
200.0 915.0 4.0
4.0 696.0 2.0
639.0 74.0 6.0
983.0 21.0 3.0
62.0 601.0 2.0
921.0 606.0 2.0
272.0 1.0 2.0
954.0 866.0 1.0
88.0 5.0 5.0
144.0 12.0 2.0
116.0 34.0 1.0
162.0 6.0 1.0
71.0 55.0 2.0
27.0 81.0 3.0
127.0 61.0 3.0
360.0 6.0 3.0
379.0 9.0 1.0
465.0 26.0 3.0
628.0 8.0 1.0
667.0 2.0 3.0
705.0 6.0 3.0
653.0 52.0 3.0
712.0 31.0 7.0
991.0 1.0 2.0
939.0 52.0 4.0
910.0 36.0 5.0
887.0 11.0 3.0
875.0 25.0 1.0
330.0 81.0 2.0
349.0 93.0 1.0
400.0 79.0 2.0
376.0 69.0 4.0
65.0 240.0 1.0
30.0 263.0 2.0
7.0 514.0 2.0
9.0 551.0 2.0
13.0 591.0 3.0
5.0 568.0 4.0
486.0 70.0 3.0
516.0 66.0 2.0
591.0 39.0 2.0
890.0 49.0 2.0
889.0 79.0 1.0
918.0 207.0 11.0
938.0 215.0 2.0
991.0 224.0 2.0
994.0 264.0 1.0
965.0 292.0 3.0
920.0 410.0 4.0
988.0 439.0 3.0
995.0 460.0 3.0
964.0 619.0 4.0
981.0 644.0 3.0
954.0 641.0 13.0
32.0 630.0 2.0
14.0 653.0 5.0
997.0 669.0 2.0
995.0 850.0 2.0
991.0 875.0 12.0
999.0 893.0 4.0
861.0 994.0 2.0
834.0 999.0 1.0
651.0 998.0 3.0
627.0 998.0 2.0
450.0 993.0 6.0
415.0 997.0 2.0
274.0 989.0 12.0
241.0 997.0 1.0
2.0 870.0 6.0
6.0 667.0 12.0
4.0 615.0 2.0
2.0 426.0 2.0
902.0 836.0 2.0
922.0 866.0 2.0
28.0 606.0 4.0
77.0 840.0 3.0
99.0 867.0 1.0
69.0 851.0 4.0
50.0 878.0 10.0
33.0 894.0 1.0
21.0 810.0 1.0
265.0 907.0 3.0
405.0 919.0 3.0
464.0 917.0 13.0
447.0 964.0 3.0
473.0 936.0 2.0
651.0 929.0 2.0
681.0 929.0 3.0
893.0 972.0 2.0
866.0 949.0 11.0
805.0 966.0 3.0
830.0 945.0 3.0
617.0 935.0 14.0
848.0 905.0 6.0
829.0 978.0 2.0
468.0 972.0 3.0
409.0 963.0 2.0
641.0 950.0 2.0
51.0 853.0 1.0
86.0 884.0 1.0
664.0 902.0 3.0
918.0 427.0 1.0
233.0 978.0 1.0
212.0 992.0 2.0
3.0 457.0 3.0
28.0 477.0 2.0
79.0 474.0 2.0
56.0 493.0 12.0
612.0 55.0 2.0
77.0 285.0 2.0
293.0 54.0 2.0
684.0 24.0 2.0
688.0 38.0 4.0
918.0 476.0 3.0
941.0 493.0 4.0
963.0 480.0 4.0
937.0 467.0 12.0
950.0 442.0 1.0
691.0 966.0 1.0
601.0 952.0 3.0
58.0 260.0 13.0
41.0 240.0 1.0
26.0 214.0 3.0
2.0 258.0 4.0
13.0 279.0 5.0
205.0 63.0 3.0
905.0 653.0 2.0
921.0 634.0 4.0
947.0 615.0 2.0
450.0 82.0 2.0
495.0 42.0 2.0
560.0 34.0 2.0
542.0 56.0 4.0
249.0 94.0 2.0
60.0 666.0 1.0
77.0 444.0 1.0
47.0 445.0 4.0
26.0 448.0 2.0
608.0 97.0 1.0
664.0 74.0 1.0
948.0 408.0 2.0
974.0 388.0 1.0
55.0 624.0 1.0
381.0 522.0 2.0
811.0 82.0 1.0
972.0 815.0 3.0
736.0 633.0 4.0
586.0 306.0 2.0
569.0 279.0 2.0
