51.0 285.0 0
280.0 278.0 0
151.0 22.0 0
340.0 497.0 0
498.0 495.0 0
357.0 87.0 0
138.0 474.0 0
473.0 325.0 0
433.0 396.0 0
408.0 177.0 0
350.0 128.0 0
47.0 445.0 0
447.0 114.0 0
382.0 316.0 0
476.0 71.0 0
129.0 378.0 0
201.0 426.0 0
19.0 238.0 0
344.0 493.0 0
446.0 471.0 0
17.0 157.0 0
256.0 103.0 0
284.0 38.0 0
489.0 340.0 0
70.0 91.0 0
489.0 171.0 0
427.0 5.0 0
172.0 81.0 0
143.0 374.0 0
92.0 237.0 0
454.0 378.0 0
307.0 484.0 0
407.0 273.0 0
156.0 50.0 0
70.0 181.0 0
193.0 14.0 0
11.0 393.0 0
126.0 25.0 0
1.0 51.0 0
489.0 283.0 0
354.0 363.0 0
202.0 442.0 0
4.0 360.0 0
180.0 81.0 0
364.0 111.0 0
172.0 148.0 0
498.0 484.0 0
500.0 254.0 0
326.0 406.0 0
438.0 495.0 0
171.0 453.0 0
470.0 261.0 0
87.0 346.0 0
292.0 313.0 0
314.0 473.0 0
104.0 279.0 0
380.0 154.0 0
136.0 312.0 0
69.0 94.0 0
7.0 180.0 0
445.0 82.0 0
120.0 204.0 0
432.0 463.0 0
151.0 108.0 0
106.0 190.0 0
404.0 437.0 0
416.0 281.0 0
60.0 377.0 0
102.0 14.0 0
372.0 328.0 0
490.0 151.0 0
248.0 494.0 0
118.0 263.0 0
326.0 45.0 0
77.0 36.0 0
84.0 352.0 0
395.0 337.0 0
287.0 309.0 0
351.0 334.0 0
423.0 206.0 0
15.0 313.0 0
3.0 334.0 0
197.0 82.0 0
46.0 421.0 0
308.0 27.0 0
276.0 272.0 0
275.0 409.0 0
478.0 100.0 0
216.0 425.0 0
78.0 430.0 0
494.0 122.0 0
36.0 454.0 0
364.0 247.0 0
14.0 399.0 0
400.0 95.0 0
338.0 295.0 0
272.0 243.0 0
20.0 222.0 0
411.0 177.0 0
451.0 246.0 0
91.0 36.0 0
86.0 376.0 0
280.0 240.0 0
402.0 346.0 0
452.0 83.0 0
119.0 161.0 0
466.0 3.0 0
390.0 182.0 0
322.0 492.0 0
48.0 66.0 0
169.0 2.0 0
277.0 309.0 0
115.0 439.0 0
391.0 168.0 0
335.0 477.0 0
478.0 402.0 0
55.0 41.0 0
74.0 194.0 0
365.0 464.0 0
332.0 301.0 0
1.0 491.0 0
495.0 148.0 0
312.0 473.0 0
478.0 118.0 0
155.0 280.0 0
101.0 114.0 0
154.0 108.0 0
72.0 167.0 0
489.0 11.0 0
395.0 143.0 0
152.0 68.0 0
419.0 193.0 0
458.0 289.0 0
42.0 201.0 0
45.0 36.0 0
383.0 348.0 0
247.0 89.0 0
110.0 327.0 0
364.0 243.0 0
371.0 325.0 0
18.0 148.0 0
323.0 135.0 0
386.0 127.0 0
126.0 491.0 0
122.0 97.0 0
409.0 7.0 0
23.0 351.0 0
351.0 415.0 0
405.0 129.0 0
156.0 362.0 0
242.0 75.0 0
381.0 223.0 0
94.0 53.0 0
352.0 38.0 0
487.0 234.0 0
157.0 446.0 0
23.0 266.0 0
489.0 327.0 0
447.0 212.0 0
4.0 408.0 0
344.0 428.0 0
156.0 474.0 0
203.0 74.0 0
438.0 435.0 0
272.0 478.0 0
252.0 308.0 0
61.0 38.0 0
43.0 303.0 0
346.0 320.0 0
454.0 379.0 0
338.0 450.0 0
240.0 26.0 0
391.0 453.0 0
126.0 332.0 0
119.0 353.0 0
78.0 258.0 0
120.0 210.0 0
299.0 256.0 0
395.0 385.0 0
65.0 433.0 0
22.0 131.0 0
155.0 17.0 0
117.0 256.0 0
51.0 48.0 0
6.0 436.0 0
74.0 244.0 0
333.0 490.0 0
338.0 61.0 0
387.0 337.0 0
356.0 422.0 0
497.0 400.0 0
95.0 219.0 0
398.0 318.0 0
409.0 61.0 0
261.0 13.0 0
68.0 15.0 0
369.0 71.0 0
423.0 457.0 0
118.0 305.0 0
430.0 106.0 0
61.0 326.0 0
404.0 374.0 0
284.0 134.0 0
438.0 0.0 0
377.0 417.0 0
413.0 413.0 0
0.0 263.0 0
243.0 482.0 0
497.0 60.0 0
390.0 163.0 0
452.0 109.0 0
103.0 26.0 0
41.0 468.0 0
55.0 87.0 0
35.0 478.0 0
94.0 215.0 0
0.0 269.0 0
367.0 490.0 0
307.0 93.0 0
108.0 257.0 0
36.0 141.0 0
47.0 284.0 0
249.0 89.0 0
369.0 45.0 0
482.0 49.0 0
32.0 39.0 0
34.0 331.0 0
269.0 471.0 0
67.0 322.0 0
398.0 20.0 0
497.0 291.0 0
220.0 478.0 0
364.0 190.0 0
137.0 421.0 0
371.0 189.0 0
161.0 301.0 0
475.0 19.0 0
293.0 264.0 0
446.0 407.0 0
478.0 15.0 0
259.0 133.0 0
286.0 493.0 0
384.0 429.0 0
456.0 461.0 0
8.0 453.0 0
275.0 491.0 0
12.0 77.0 0
133.0 444.0 0
347.0 47.0 0
12.0 306.0 0
329.0 243.0 0
17.0 58.0 0
35.0 114.0 0
71.0 494.0 0
154.0 455.0 0
55.0 254.0 0
351.0 277.0 0
436.0 206.0 0
195.0 465.0 0
28.0 61.0 0
410.0 478.0 0
88.0 0.0 0
381.0 137.0 0
497.0 277.0 0
22.0 279.0 0
299.0 488.0 0
400.0 330.0 0
203.0 138.0 0
475.0 300.0 0
383.0 415.0 0
107.0 201.0 0
330.0 273.0 0
449.0 393.0 0
272.0 482.0 0
252.0 415.0 0
207.0 2.0 0
300.0 233.0 0
221.0 432.0 0
184.0 106.0 0
52.0 263.0 0
423.0 202.0 0
180.0 471.0 0
382.0 0.0 0
82.0 253.0 0
117.0 444.0 0
499.0 425.0 0
107.0 235.0 0
366.0 41.0 0
494.0 351.0 0
0.0 145.0 0
414.0 446.0 0
367.0 23.0 0
68.0 489.0 0
488.0 469.0 0
8.0 231.0 0
36.0 120.0 0
442.0 188.0 0
132.0 479.0 0
155.0 462.0 0
5.0 438.0 0
51.0 199.0 0
261.0 494.0 0
13.0 371.0 0
192.0 477.0 0
472.0 278.0 0
378.0 380.0 0
421.0 441.0 0
261.0 490.0 0
459.0 228.0 0
404.0 303.0 0
114.0 336.0 0
34.0 420.0 0
476.0 116.0 0
183.0 23.0 0
311.0 451.0 0
394.0 367.0 0
361.0 286.0 0
119.0 262.0 0
384.0 402.0 0
483.0 294.0 0
40.0 489.0 0
132.0 473.0 0
37.0 50.0 0
298.0 11.0 0
478.0 81.0 0
420.0 390.0 0
104.0 440.0 0
50.0 333.0 0
54.0 458.0 0
223.0 453.0 0
322.0 437.0 0
343.0 219.0 0
429.0 179.0 0
149.0 333.0 0
101.0 90.0 0
478.0 42.0 0
54.0 435.0 0
88.0 457.0 0
21.0 305.0 0
149.0 495.0 0
479.0 292.0 0
481.0 448.0 0
304.0 73.0 0
7.0 466.0 0
143.0 431.0 0
62.0 349.0 0
482.0 390.0 0
35.0 183.0 0
444.0 474.0 0
122.0 45.0 0
186.0 33.0 0
474.0 194.0 0
135.0 47.0 0
319.0 3.0 0
411.0 425.0 0
55.0 424.0 0
204.0 70.0 0
176.0 110.0 0
100.0 428.0 0
496.0 336.0 0
137.0 289.0 0
402.0 431.0 0
365.0 20.0 0
421.0 469.0 0
142.0 363.0 0
110.0 388.0 0
282.0 298.0 0
453.0 194.0 0
3.0 34.0 0
343.0 229.0 0
445.0 381.0 0
335.0 264.0 0
157.0 330.0 0
275.0 465.0 0
300.0 10.0 0
259.0 394.0 0
36.0 218.0 0
221.0 423.0 0
450.0 168.0 0
49.0 356.0 0
394.0 214.0 0
164.0 445.0 0
133.0 147.0 0
429.0 304.0 0
428.0 349.0 0
56.0 451.0 0
234.0 118.0 0
398.0 6.0 0
59.0 153.0 0
86.0 485.0 0
147.0 4.0 0
37.0 29.0 0
478.0 69.0 0
106.0 85.0 0
388.0 306.0 0
495.0 444.0 0
476.0 325.0 0
264.0 301.0 0
342.0 23.0 0
36.0 18.0 0
202.0 8.0 0
383.0 23.0 0
255.0 464.0 0
445.0 123.0 0
297.0 82.0 0
31.0 429.0 0
100.0 172.0 0
17.0 437.0 0
78.0 114.0 0
183.0 133.0 0
446.0 370.0 0
391.0 471.0 0
137.0 135.0 0
136.0 4.0 0
79.0 318.0 0
257.0 226.0 0
24.0 112.0 0
60.0 322.0 0
187.0 68.0 0
129.0 439.0 0
233.0 21.0 0
482.0 444.0 0
196.0 61.0 0
99.0 178.0 0
386.0 154.0 0
154.0 56.0 0
396.0 118.0 0
156.0 141.0 0
444.0 376.0 0
177.0 76.0 0
244.0 42.0 0
442.0 139.0 0
450.0 112.0 0
370.0 479.0 0
495.0 86.0 0
126.0 17.0 0
91.0 401.0 0
343.0 474.0 0
101.0 128.0 0
495.0 466.0 0
290.0 449.0 0
111.0 149.0 0
455.0 485.0 0
315.0 249.0 0
283.0 108.0 0
428.0 460.0 0
400.0 49.0 0
479.0 231.0 0
471.0 271.0 0
416.0 29.0 0
453.0 422.0 0
405.0 490.0 0
42.0 14.0 0
291.0 441.0 0
214.0 410.0 0
103.0 299.0 0
394.0 387.0 0
136.0 198.0 0
107.0 252.0 0
235.0 493.0 0
330.0 227.0 0
133.0 168.0 0
176.0 99.0 0
472.0 134.0 0
367.0 341.0 0
33.0 155.0 0
311.0 297.0 0
370.0 262.0 0
486.0 173.0 0
68.0 304.0 0
239.0 402.0 0
21.0 270.0 0
327.0 439.0 0
163.0 81.0 0
337.0 275.0 0
124.0 493.0 0
23.0 306.0 0
105.0 180.0 0
200.0 397.0 0
412.0 217.0 0
200.0 4.0 0
473.0 191.0 0
465.0 145.0 0
295.0 69.0 0
358.0 156.0 0
319.0 230.0 0
351.0 424.0 0
56.0 33.0 0
81.0 404.0 0
277.0 408.0 0
73.0 474.0 0
325.0 13.0 0
139.0 120.0 0
238.0 61.0 0
386.0 444.0 0
306.0 7.0 0
141.0 447.0 0
379.0 175.0 0
385.0 247.0 0
157.0 123.0 0
120.0 250.0 0
387.0 103.0 0
255.0 12.0 0
425.0 116.0 0
353.0 51.0 0
221.0 70.0 0
93.0 468.0 0
338.0 5.0 0
314.0 37.0 0
156.0 427.0 0
23.0 245.0 0
92.0 315.0 0
485.0 493.0 0
289.0 281.0 0
39.0 116.0 0
319.0 288.0 0
429.0 82.0 0
450.0 443.0 0
378.0 297.0 0
68.0 94.0 0
457.0 223.0 0
159.0 404.0 0
28.0 271.0 0
78.0 210.0 0
132.0 270.0 0
114.0 149.0 0
126.0 439.0 0
223.0 88.0 0
250.0 3.0 0
10.0 166.0 0
44.0 403.0 0
164.0 40.0 0
172.0 488.0 0
318.0 299.0 0
119.0 41.0 0
314.0 9.0 0
77.0 144.0 0
289.0 310.0 0
148.0 436.0 0
302.0 314.0 0
451.0 476.0 0
111.0 377.0 0
92.0 268.0 0
373.0 233.0 0
483.0 257.0 0
341.0 450.0 0
44.0 447.0 0
380.0 10.0 0
419.0 392.0 0
426.0 407.0 0
31.0 147.0 0
384.0 45.0 0
124.0 240.0 0
491.0 388.0 0
170.0 488.0 0
212.0 489.0 0
353.0 28.0 0
449.0 489.0 0
290.0 219.0 0
98.0 22.0 0
407.0 430.0 0
427.0 267.0 0
381.0 399.0 0
373.0 439.0 0
365.0 270.0 0
55.0 382.0 0
290.0 463.0 0
222.0 483.0 0
266.0 424.0 0
9.0 229.0 0
262.0 68.0 0
196.0 462.0 0
201.0 495.0 0
484.0 51.0 0
302.0 429.0 0
67.0 481.0 0
304.0 458.0 0
116.0 108.0 0
239.0 428.0 0
47.0 412.0 0
308.0 135.0 0
247.0 120.0 0
323.0 222.0 0
289.0 438.0 0
33.0 322.0 0
134.0 254.0 0
227.0 1.0 0
276.0 305.0 0
407.0 377.0 0
120.0 1.0 0
495.0 327.0 0
358.0 259.0 0
291.0 264.0 0
144.0 302.0 0
106.0 73.0 0
132.0 96.0 0
35.0 348.0 0
495.0 105.0 0
76.0 480.0 0
128.0 122.0 0
154.0 469.0 0
178.0 466.0 0
378.0 402.0 0
15.0 477.0 0
103.0 124.0 0
438.0 126.0 0
162.0 22.0 0
447.0 46.0 0
177.0 493.0 0
481.0 195.0 0
163.0 13.0 0
73.0 467.0 0
143.0 172.0 0
13.0 109.0 0
409.0 225.0 0
54.0 39.0 0
128.0 419.0 0
461.0 72.0 0
101.0 430.0 0
42.0 146.0 0
4.0 372.0 0
179.0 122.0 0
256.0 276.0 0
197.0 82.0 0
55.0 461.0 0
297.0 492.0 0
171.0 484.0 0
399.0 401.0 0
33.0 60.0 0
312.0 65.0 0
453.0 300.0 0
302.0 319.0 0
31.0 87.0 0
289.0 116.0 0
378.0 194.0 0
40.0 470.0 0
4.0 113.0 0
403.0 96.0 0
57.0 181.0 0
465.0 157.0 0
386.0 439.0 0
427.0 407.0 0
140.0 472.0 0
15.0 426.0 0
456.0 36.0 0
101.0 255.0 0
384.0 491.0 0
464.0 194.0 0
448.0 125.0 0
58.0 310.0 0
311.0 102.0 0
423.0 179.0 0
97.0 105.0 0
352.0 4.0 0
124.0 465.0 0
367.0 284.0 0
294.0 396.0 0
27.0 333.0 0
4.0 92.0 0
415.0 106.0 0
147.0 195.0 0
493.0 475.0 0
308.0 466.0 0
4.0 48.0 0
363.0 231.0 0
389.0 175.0 0
151.0 29.0 0
74.0 396.0 0
342.0 257.0 0
438.0 90.0 0
140.0 198.0 0
269.0 474.0 0
426.0 409.0 0
307.0 414.0 0
278.0 38.0 0
382.0 244.0 0
25.0 157.0 0
323.0 276.0 0
31.0 137.0 0
30.0 138.0 0
181.0 71.0 0
322.0 64.0 0
119.0 414.0 0
362.0 1.0 0
85.0 201.0 0
480.0 452.0 0
68.0 324.0 0
254.0 257.0 0
90.0 123.0 0
85.0 26.0 0
482.0 330.0 0
64.0 0.0 0
161.0 495.0 0
368.0 343.0 0
68.0 67.0 0
493.0 197.0 0
342.0 327.0 0
20.0 200.0 0
387.0 278.0 0
157.0 92.0 0
145.0 483.0 0
417.0 442.0 0
17.0 55.0 0
380.0 16.0 0
225.0 422.0 0
12.0 357.0 0
121.0 447.0 0
479.0 53.0 0
332.0 42.0 0
493.0 387.0 0
222.0 388.0 0
498.0 6.0 0
454.0 445.0 0
158.0 123.0 0
82.0 90.0 0
126.0 459.0 0
22.0 265.0 0
97.0 401.0 0
251.0 440.0 0
321.0 55.0 0
484.0 128.0 0
66.0 325.0 0
360.0 391.0 0
468.0 421.0 0
452.0 7.0 0
135.0 199.0 0
249.0 25.0 0
434.0 24.0 0
492.0 451.0 0
13.0 190.0 0
263.0 257.0 0
394.0 234.0 0
111.0 314.0 0
270.0 118.0 0
385.0 87.0 0
453.0 420.0 0
468.0 364.0 0
151.0 53.0 0
308.0 269.0 0
320.0 455.0 0
116.0 283.0 0
12.0 215.0 0
83.0 276.0 0
275.0 92.0 0
294.0 61.0 0
296.0 21.0 0
31.0 105.0 0
449.0 386.0 0
358.0 83.0 0
207.0 114.0 0
56.0 492.0 0
453.0 349.0 0
317.0 389.0 0
409.0 176.0 0
418.0 79.0 0
480.0 396.0 0
78.0 332.0 0
6.0 72.0 0
467.0 232.0 0
496.0 424.0 0
416.0 361.0 0
20.0 214.0 0
207.0 98.0 0
36.0 300.0 0
64.0 23.0 0
290.0 38.0 0
93.0 496.0 0
240.0 229.0 0
415.0 140.0 0
482.0 229.0 0
327.0 75.0 0
121.0 154.0 0
420.0 158.0 0
267.0 415.0 0
76.0 227.0 0
94.0 310.0 0
441.0 20.0 0
318.0 117.0 0
267.0 70.0 0
280.0 22.0 0
157.0 328.0 0
84.0 29.0 0
75.0 483.0 0
266.0 58.0 0
223.0 12.0 0
477.0 483.0 0
116.0 416.0 0
42.0 180.0 0
0.0 381.0 0
99.0 497.0 0
222.0 101.0 0
44.0 259.0 0
18.0 125.0 0
366.0 326.0 0
490.0 95.0 0
482.0 397.0 0
342.0 463.0 0
355.0 154.0 0
354.0 497.0 0
480.0 436.0 0
496.0 310.0 0
197.0 438.0 0
399.0 199.0 0
452.0 324.0 0
85.0 250.0 0
279.0 420.0 0
142.0 345.0 0
426.0 312.0 0
297.0 395.0 0
390.0 403.0 0
55.0 116.0 0
339.0 391.0 0
266.0 36.0 0
497.0 226.0 0
200.0 439.0 0
167.0 18.0 0
96.0 202.0 0
315.0 296.0 0
267.0 228.0 0
481.0 257.0 0
20.0 301.0 0
113.0 474.0 0
456.0 123.0 0
35.0 470.0 0
273.0 69.0 0
127.0 156.0 0
330.0 420.0 0
16.0 47.0 0
111.0 370.0 0
186.0 427.0 0
498.0 173.0 0
141.0 424.0 0
363.0 300.0 0
320.0 262.0 0
63.0 226.0 0
278.0 432.0 0
454.0 13.0 0
30.0 275.0 0
18.0 139.0 0
468.0 178.0 0
135.0 71.0 0
372.0 364.0 0
430.0 169.0 0
36.0 237.0 0
107.0 438.0 0
264.0 445.0 0
355.0 127.0 0
449.0 280.0 0
106.0 243.0 0
366.0 176.0 0
222.0 497.0 0
489.0 19.0 0
98.0 164.0 0
21.0 35.0 0
274.0 17.0 0
93.0 441.0 0
398.0 384.0 0
112.0 199.0 0
376.0 479.0 0
483.0 369.0 0
51.0 220.0 0
419.0 183.0 0
29.0 363.0 0
189.0 407.0 0
454.0 226.0 0
135.0 13.0 0
116.0 38.0 0
83.0 321.0 0
477.0 235.0 0
73.0 116.0 0
398.0 330.0 0
92.0 347.0 0
431.0 320.0 0
295.0 1.0 0
473.0 497.0 0
271.0 4.0 0
83.0 77.0 0
297.0 426.0 0
3.0 298.0 0
291.0 390.0 0
33.0 446.0 0
40.0 62.0 0
420.0 492.0 0
392.0 328.0 0
95.0 423.0 0
280.0 484.0 0
363.0 285.0 0
486.0 224.0 0
203.0 126.0 0
173.0 31.0 0
302.0 496.0 0
359.0 98.0 0
237.0 248.0 0
83.0 195.0 0
435.0 38.0 0
364.0 355.0 0
174.0 428.0 0
197.0 54.0 0
384.0 304.0 0
219.0 54.0 0
415.0 184.0 0
422.0 204.0 0
354.0 446.0 0
58.0 376.0 0
32.0 178.0 0
365.0 227.0 0
314.0 256.0 0
358.0 210.0 0
436.0 272.0 0
486.0 455.0 0
364.0 457.0 0
60.0 232.0 0
98.0 183.0 0
396.0 156.0 0
453.0 49.0 0
3.0 204.0 0
121.0 96.0 0
419.0 205.0 0
380.0 13.0 0
104.0 183.0 0
20.0 1.0 0
353.0 302.0 0
134.0 404.0 0
472.0 416.0 0
444.0 270.0 0
265.0 56.0 0
121.0 115.0 0
415.0 287.0 0
321.0 15.0 0
25.0 375.0 0
400.0 255.0 0
443.0 260.0 0
236.0 436.0 0
97.0 145.0 0
316.0 271.0 0
415.0 301.0 0
400.0 56.0 0
12.0 347.0 0
110.0 152.0 0
442.0 68.0 0
74.0 169.0 0
243.0 285.0 0
81.0 260.0 0
479.0 59.0 0
126.0 16.0 0
100.0 357.0 0
135.0 338.0 0
498.0 375.0 0
467.0 307.0 0
39.0 12.0 0
68.0 236.0 0
495.0 24.0 0
6.0 15.0 0
239.0 144.0 0
12.0 267.0 0
438.0 17.0 0
345.0 82.0 0
479.0 115.0 0
34.0 358.0 0
362.0 444.0 0
94.0 179.0 0
31.0 255.0 0
427.0 229.0 0
133.0 226.0 0
59.0 301.0 0
216.0 422.0 0
38.0 400.0 0
16.0 493.0 0
40.0 353.0 0
415.0 456.0 0
32.0 212.0 0
340.0 450.0 0
364.0 134.0 0
33.0 494.0 0
279.0 88.0 0
57.0 351.0 0
118.0 267.0 0
41.0 241.0 0
225.0 24.0 0
36.0 392.0 0
387.0 405.0 0
387.0 20.0 0
93.0 182.0 0
69.0 44.0 0
442.0 250.0 0
86.0 420.0 0
38.0 140.0 0
277.0 283.0 0
496.0 43.0 0
26.0 488.0 0
338.0 105.0 0
35.0 255.0 0
325.0 250.0 0
294.0 408.0 0
267.0 401.0 0
111.0 234.0 0
201.0 27.0 0
383.0 243.0 0
146.0 38.0 0
147.0 271.0 0
