0 	30.000000	860.000000	911,910,988,1294,364,851,852,912,
1	221.000000	896.000000	237,1119,497,955,956,500,161,
2	21.000000	965.000000	468,849,848,847,17,951,
3	147.000000	951.000000	948,39,100,351,329,120,
4	766.000000	139.000000	259,686,342,1381,324,685,1249,
5	916.000000	9.000000	251,365,580,579,1195,
6	831.000000	924.000000	938,1216,28,387,934,1016,
7	854.000000	431.000000	455,151,83,1369,126,1112,752,
8	983.000000	906.000000	827,826,395,942,444,155,
9	501.000000	22.000000	567,1181,569,55,566,
10	890.000000	407.000000	455,752,1034,748,747,201,746,
11	750.000000	701.000000	961,802,1145,244,539,231,
12	982.000000	242.000000	734,733,212,174,
13	64.000000	96.000000	498,559,167,1084,1083,560,
14	943.000000	684.000000	137,319,798,154,86,1165,
15	337.000000	431.000000	1059,1253,767,189,1046,217,
16	43.000000	374.000000	125,1129,1130,116,618,
17	48.000000	973.000000	304,951,2,848,847,333,471,
18	679.000000	282.000000	716,1149,691,518,714,
19	989.000000	978.000000	828,490,316,829,50,
20	764.000000	520.000000	1173,1366,1483,517,1258,1259,
21	119.000000	382.000000	1461,622,210,623,619,1128,
22	218.000000	330.000000	662,1037,1036,411,650,651,267,
23	757.000000	298.000000	163,274,102,230,715,415,718,
24	356.000000	952.000000	241,1056,332,99,197,463,1159,
25	583.000000	750.000000	398,493,65,74,372,899,898,900,
26	515.000000	930.000000	521,1362,54,1363,966,92,958,
27	839.000000	41.000000	581,496,118,576,1319,386,173,
28	799.000000	927.000000	69,264,933,387,934,6,1216,261,
29	552.000000	958.000000	521,958,957,928,227,1115,1117,
30	676.000000	766.000000	874,1430,178,871,296,1456,1212,1211,
31	186.000000	518.000000	1273,670,1022,140,775,777,
32	540.000000	772.000000	964,456,193,899,372,157,
33	943.000000	764.000000	130,369,1321,381,1325,821,822,
34	22.000000	528.000000	653,1243,1242,1241,652,
35	829.000000	706.000000	1227,1225,1226,876,799,794,1228,
36	615.000000	874.000000	360,1027,315,1013,1012,873,357,
37	488.000000	841.000000	1141,1142,358,943,960,959,290,
38	619.000000	784.000000	874,900,898,1118,344,541,1430,
39	184.000000	937.000000	948,949,500,950,100,3,
40	847.000000	268.000000	738,449,712,725,737,418,
41	838.000000	360.000000	745,1377,746,477,743,724,744,
42	169.000000	351.000000	662,267,991,188,623,660,1400,
43	395.000000	786.000000	894,355,145,150,892,965,280,143,
44	353.000000	702.000000	890,789,454,1134,1135,464,
45	921.000000	237.000000	731,727,726,252,72,416,
46	705.000000	370.000000	82,721,432,722,720,717,
47	319.000000	913.000000	1073,332,1056,263,945,48,1074,
48	280.000000	915.000000	921,920,331,1072,1074,47,945,
49	60.000000	465.000000	1079,1238,1239,1240,1076,1080,
50	998.000000	991.000000	828,19,829,
51	449.000000	752.000000	1066,1063,355,389,427,897,
52	337.000000	18.000000	215,557,1106,1105,1101,1102,563,
53	871.000000	823.000000	1230,1231,1047,182,1218,1048,862,
54	518.000000	912.000000	521,70,1362,121,1363,966,26,958,
55	514.000000	5.000000	9,569,568,566,
56	714.000000	153.000000	259,77,1031,1152,1153,1151,686,
57	766.000000	805.000000	1019,1020,467,410,388,159,1018,
58	307.000000	983.000000	1073,354,414,843,842,169,99,
59	150.000000	43.000000	1464,554,552,553,561,97,1184,171,
60	231.000000	275.000000	628,650,411,207,632,625,
61	309.000000	512.000000	778,779,1209,1299,783,770,
62	735.000000	7.000000	1033,423,572,574,575,94,
63	210.000000	37.000000	447,175,171,1157,250,1391,284,
64	428.000000	887.000000	349,923,248,1026,430,499,
65	565.000000	717.000000	74,25,493,1206,1197,1068,1069,226,
66	933.000000	293.000000	72,736,436,221,735,174,96,
67	19.000000	764.000000	902,135,854,853,185,256,
68	923.000000	539.000000	757,225,356,1169,858,758,773,
69	764.000000	942.000000	937,984,340,164,264,28,261,1213,
70	553.000000	904.000000	521,424,492,1222,1223,1362,54,
71	388.000000	98.000000	601,606,1030,604,425,602,603,
72	917.000000	264.000000	66,96,174,416,45,252,736,
73	329.000000	620.000000	781,81,807,1132,131,218,784,
74	563.000000	736.000000	25,493,65,226,372,899,
75	854.000000	176.000000	401,698,236,318,709,728,
76	700.000000	682.000000	90,875,262,802,801,537,
77	712.000000	115.000000	441,400,1371,1031,56,259,
78	118.000000	898.000000	378,909,989,913,914,351,917,
79	712.000000	491.000000	1408,1357,1483,1484,1485,1405,1407,
80	862.000000	87.000000	386,1317,458,525,701,173,
81	304.000000	600.000000	808,807,73,781,806,782,272,
82	684.000000	356.000000	46,717,407,714,1001,721,
83	826.000000	438.000000	151,413,393,1368,1369,7,
84	230.000000	437.000000	509,1040,661,1270,243,771,
85	713.000000	749.000000	438,936,803,1145,262,1212,1456,296,
86	980.000000	679.000000	818,796,1165,14,154,374,823,
87	27.000000	717.000000	503,854,135,903,391,283,
88	44.000000	144.000000	562,433,586,587,431,1084,167,330,
89	424.000000	956.000000	1025,248,402,1158,946,947,926,
90	680.000000	674.000000	801,537,103,1144,519,875,76,
91	471.000000	59.000000	671,1181,567,461,1176,1302,
92	493.000000	961.000000	26,966,927,944,216,291,957,958,
93	996.000000	113.000000	266,1440,582,967,138,
94	757.000000	39.000000	457,1033,423,62,575,419,584,396,
95	794.000000	218.000000	711,710,1380,179,536,696,
96	926.000000	277.000000	72,736,66,174,416,
97	149.000000	64.000000	1192,1184,171,59,561,1156,
98	195.000000	706.000000	884,886,516,1232,491,149,
99	335.000000	957.000000	1073,58,169,197,24,332,
100	156.000000	927.000000	351,3,39,950,917,
101	230.000000	936.000000	237,161,500,949,247,1070,1071,1072,331,
102	764.000000	263.000000	711,696,695,230,23,274,1427,
103	652.000000	652.000000	1203,1144,90,537,487,805,1457,
104	939.000000	982.000000	281,941,983,830,829,316,490,
105	522.000000	674.000000	234,878,470,1069,1068,804,1199,1200,
106	127.000000	302.000000	627,489,172,617,469,
107	64.000000	7.000000	1417,495,551,183,
108	427.000000	76.000000	461,122,602,425,1309,1176,
109	184.000000	824.000000	382,508,313,916,408,953,294,375,1444,
110	852.000000	541.000000	1261,1263,1264,1168,1169,761,529,
111	366.000000	225.000000	527,641,636,1341,635,642,644,
112	766.000000	656.000000	961,231,223,1331,1330,1210,1329,792,
113	160.000000	660.000000	1280,202,1232,516,540,435,1055,
114	395.000000	999.000000	1159,463,841,840,946,
115	101.000000	161.000000	588,431,587,590,595,589,
116	36.000000	343.000000	618,16,1127,615,1126,614,
117	41.000000	283.000000	612,1125,1126,613,1092,1121,
118	822.000000	19.000000	576,1319,27,496,531,
119	847.000000	965.000000	932,1016,934,387,939,832,831,982,
120	139.000000	980.000000	948,3,329,235,846,238,
121	516.000000	877.000000	960,943,1363,54,1362,1223,
122	418.000000	53.000000	461,317,565,451,602,108,
123	24.000000	924.000000	468,951,328,335,912,850,
124	670.000000	955.000000	1114,1343,1344,930,929,985,1375,1374,
125	11.000000	393.000000	857,181,1129,16,618,
126	858.000000	463.000000	480,412,1113,7,1369,
127	392.000000	483.000000	222,1447,1446,1493,1413,1252,1058,
128	313.000000	183.000000	1120,1028,1032,1335,1340,1339,599,
129	470.000000	898.000000	430,1026,925,927,966,1363,358,
130	953.000000	744.000000	33,821,822,374,798,369,1321,
131	348.000000	651.000000	789,788,218,73,1132,880,454,
132	968.000000	847.000000	339,1324,327,363,533,825,
133	913.000000	452.000000	1034,752,1112,1113,1107,1110,1111,
134	112.000000	817.000000	1290,370,1023,907,1289,1291,
135	27.000000	741.000000	87,854,853,67,256,902,903,
136	196.000000	594.000000	817,307,776,437,295,816,
137	921.000000	667.000000	1269,170,319,14,1165,1163,1162,
138	963.000000	129.000000	266,93,967,1428,287,706,376,704,
139	630.000000	717.000000	1205,1206,398,1207,1208,519,
140	161.000000	546.000000	1044,538,775,31,1022,
141	249.000000	786.000000	1024,286,442,887,184,452,462,
142	147.000000	151.000000	1193,1085,588,1498,589,301,591,1388,
143	406.000000	799.000000	894,355,150,43,965,280,1364,
144	662.000000	176.000000	683,677,689,1154,1153,1152,
145	391.000000	747.000000	890,891,150,355,1063,177,
146	858.000000	773.000000	1322,1229,257,203,1047,1231,861,
147	86.000000	344.000000	617,616,615,1127,1128,619,
148	354.000000	378.000000	768,189,1415,445,1395,1492,1336,
149	187.000000	723.000000	276,885,884,98,1232,491,904,
150	381.000000	769.000000	355,145,891,1425,892,965,43,143,
151	828.000000	412.000000	455,1377,745,413,393,83,7,
152	700.000000	817.000000	270,1021,467,1020,232,296,871,872,
153	338.000000	768.000000	1426,892,1425,891,464,889,893,502,
154	964.000000	683.000000	818,1165,14,798,374,86,
155	995.000000	932.000000	827,8,444,490,828,
156	216.000000	659.000000	883,815,486,540,516,886,
157	512.000000	761.000000	964,32,372,226,359,897,338,1143,
158	149.000000	612.000000	1278,350,1055,435,479,295,809,811,
159	791.000000	806.000000	1017,1018,57,410,1010,388,867,273,
160	272.000000	401.000000	240,277,771,162,769,668,
161	210.000000	906.000000	237,1119,1,955,956,950,500,101,
162	288.000000	437.000000	769,160,771,515,770,217,1046,
163	788.000000	307.000000	713,274,23,718,723,724,
164	778.000000	969.000000	69,340,984,292,833,834,933,264,
165	256.000000	590.000000	817,385,808,272,782,513,1337,307,
166	643.000000	242.000000	545,691,690,689,688,544,
167	30.000000	111.000000	13,559,523,330,88,1084,
168	837.000000	312.000000	426,737,725,713,724,743,
169	337.000000	989.000000	58,842,841,463,197,99,
170	887.000000	681.000000	1269,1161,799,448,877,319,137,1162,
171	180.000000	46.000000	1191,1157,63,175,1464,59,97,1184,
172	102.000000	281.000000	1094,1091,1092,616,106,489,
173	868.000000	53.000000	581,27,386,80,701,700,
174	955.000000	260.000000	72,96,66,735,249,734,12,416,
175	184.000000	11.000000	447,554,552,1464,171,63,
176	580.000000	64.000000	1182,1183,1305,1296,681,1090,680,
177	391.000000	725.000000	890,891,145,1063,1062,278,
178	659.000000	787.000000	30,874,1430,541,344,871,296,
179	791.000000	179.000000	318,236,1381,342,536,95,1380,
180	96.000000	66.000000	495,558,560,1082,561,553,
181	22.000000	422.000000	125,857,1075,1240,1239,620,1129,
182	841.000000	830.000000	1219,53,1047,203,867,866,1218,
183	29.000000	8.000000	186,347,482,1417,107,
184	261.000000	776.000000	1140,452,1024,141,442,888,887,1139,
185	19.000000	782.000000	67,853,484,918,1293,256,
186	2.000000	11.000000	183,347,482,
187	961.000000	177.000000	705,704,376,729,730,732,460,
188	144.000000	344.000000	469,617,619,623,42,991,
189	337.000000	410.000000	768,769,1046,15,767,1415,148,
190	998.000000	25.000000	1196,583,577,506,
191	623.000000	204.000000	678,675,979,688,689,677,
192	309.000000	850.000000	1052,1051,922,505,214,380,945,
193	570.000000	798.000000	32,456,963,377,1118,898,899,
194	572.000000	183.000000	674,978,981,675,676,
195	931.000000	89.000000	703,287,1428,1250,578,206,702,
196	74.000000	684.000000	1281,1276,1233,391,903,1282,813,
197	349.000000	976.000000	1159,24,99,842,169,841,463,
198	387.000000	873.000000	349,1365,242,465,303,924,
199	733.000000	861.000000	1021,260,870,986,394,467,
200	772.000000	379.000000	475,299,417,745,535,719,720,
201	883.000000	369.000000	747,741,742,477,746,10,
202	129.000000	680.000000	1281,813,1283,1275,1232,1280,
203	834.000000	793.000000	383,867,182,1047,1231,146,257,
204	701.000000	995.000000	1114,384,1342,1343,1361,
205	528.000000	612.000000	320,1199,1459,1198,1482,1350,1008,
206	912.000000	67.000000	579,700,701,702,195,578,
207	254.000000	270.000000	633,632,60,411,649,648,
208	174.000000	270.000000	628,629,626,624,1093,489,627,651,
209	36.000000	652.000000	814,855,283,391,1233,1276,1277,812,
210	148.000000	399.000000	1041,660,623,21,622,341,409,
211	87.000000	991.000000	235,471,333,846,
212	961.000000	220.000000	731,416,12,733,732,730,
213	892.000000	864.000000	1219,1220,865,962,863,862,1048,
214	277.000000	853.000000	921,380,192,505,322,919,497,
215	322.000000	3.000000	52,563,557,1106,1105,
216	486.000000	994.000000	839,291,957,92,944,
217	305.000000	452.000000	15,1046,162,515,770,1059,
218	364.000000	623.000000	788,1431,787,785,786,784,73,131,
219	431.000000	660.000000	790,1061,1201,362,879,453,
220	941.000000	935.000000	265,514,941,281,490,942,
221	937.000000	316.000000	66,436,224,254,485,403,735,
222	377.000000	500.000000	1447,127,1058,308,366,1297,
223	781.000000	671.000000	793,1331,1330,112,231,539,1228,
224	922.000000	341.000000	254,221,436,742,741,
225	910.000000	504.000000	1108,1107,412,761,356,68,757,
226	533.000000	728.000000	359,372,74,65,1069,470,
227	564.000000	988.000000	928,838,837,450,1115,29,
228	611.000000	830.000000	873,344,541,1118,377,311,357,
229	298.000000	304.000000	665,666,647,239,648,649,663,
230	740.000000	269.000000	715,23,102,695,694,
231	763.000000	673.000000	11,539,223,112,1330,792,961,
232	722.000000	792.000000	1019,936,438,296,152,1020,
233	458.000000	6.000000	567,566,317,
234	495.000000	673.000000	1202,1201,1065,878,105,1200,
235	106.000000	976.000000	471,211,846,120,329,952,
236	821.000000	171.000000	75,698,697,1381,179,1380,318,
237	232.000000	916.000000	920,1119,1,161,500,101,1070,331,
238	162.000000	992.000000	948,120,845,343,
239	308.000000	273.000000	647,643,483,336,633,648,229,
240	258.000000	382.000000	1038,509,277,160,668,1035,664,
241	377.000000	925.000000	923,924,303,1056,24,1158,
242	383.000000	854.000000	349,1365,280,466,1054,465,198,
243	243.000000	467.000000	772,515,771,84,1295,1272,
244	759.000000	730.000000	11,1145,803,255,800,539,
245	248.000000	174.000000	1187,1386,598,1028,596,
246	890.000000	997.000000	931,982,831,830,983,
247	211.000000	970.000000	948,343,845,1050,1049,1070,101,949,
248	435.000000	918.000000	923,402,89,1025,925,1026,430,64,
249	985.000000	285.000000	739,734,174,735,403,
250	226.000000	49.000000	428,1391,63,1157,1416,1390,
251	931.000000	14.000000	365,5,579,578,1195,
252	887.000000	252.000000	72,45,726,738,418,736,
253	264.000000	525.000000	778,772,1272,310,513,780,779,
254	950.000000	349.000000	485,221,224,741,494,750,532,
255	773.000000	749.000000	1017,1225,800,244,803,936,1018,
256	42.000000	775.000000	902,135,67,185,1293,1288,1286,
257	836.000000	765.000000	383,203,146,1229,1226,
258	287.000000	637.000000	1133,1132,807,808,534,526,
259	733.000000	138.000000	441,77,1031,56,686,4,1249,
260	713.000000	861.000000	270,870,986,199,467,1021,
261	787.000000	916.000000	1215,288,1213,69,264,28,1216,1217,
262	708.000000	715.000000	85,803,1145,802,76,875,1212,1456,
263	328.000000	886.000000	303,465,1052,380,945,47,332,
264	781.000000	939.000000	69,340,164,933,387,28,261,1213,
265	936.000000	919.000000	281,220,942,268,864,514,941,
266	993.000000	149.000000	705,93,138,704,460,
267	185.000000	330.000000	662,22,651,627,991,42,
268	940.000000	890.000000	265,942,395,533,863,864,
269	135.000000	768.000000	501,1023,990,905,440,1284,1285,907,
270	689.000000	854.000000	1011,373,1014,870,260,1021,152,872,
271	909.000000	735.000000	1321,369,877,512,1322,861,
272	290.000000	594.000000	808,807,81,806,782,165,
273	813.000000	784.000000	1017,159,867,203,257,383,
274	783.000000	288.000000	163,713,1427,711,102,23,718,
275	991.000000	615.000000	859,348,795,796,1429,
276	195.000000	752.000000	906,452,885,149,904,905,
277	256.000000	406.000000	1038,509,771,160,240,
278	390.000000	700.000000	890,177,1062,1061,789,44,
279	138.000000	496.000000	1043,1022,670,1078,323,659,
280	392.000000	819.000000	242,1365,1364,143,43,965,466,
281	943.000000	948.000000	265,941,104,316,490,220,
282	117.000000	234.000000	1094,1093,624,312,1155,422,1091,
283	32.000000	689.000000	87,903,391,1233,209,855,503,
284	225.000000	7.000000	447,63,1391,555,
285	602.000000	931.000000	1376,935,315,1027,492,1117,1116,
286	245.000000	814.000000	294,919,322,442,141,1024,375,
287	941.000000	126.000000	703,706,376,138,967,1428,195,
288	755.000000	895.000000	1215,869,986,478,1213,261,
289	190.000000	212.000000	397,626,625,346,325,594,
290	489.000000	820.000000	1141,37,959,1143,895,
291	492.000000	998.000000	216,838,957,92,944,
292	747.000000	993.000000	1342,833,164,340,984,
293	318.000000	355.000000	665,669,668,768,1336,667,666,
294	213.000000	833.000000	953,954,286,375,1444,109,408,
295	169.000000	595.000000	158,479,816,136,437,538,809,
296	695.000000	783.000000	30,178,871,152,232,438,85,1456,
297	644.000000	98.000000	1370,1246,504,1245,682,684,
298	325.000000	100.000000	601,600,1098,1096,607,606,
299	762.000000	411.000000	1147,417,200,475,753,522,
300	451.000000	128.000000	638,345,1308,1309,610,1311,
301	147.000000	183.000000	142,1498,589,1155,397,594,591,
302	894.000000	133.000000	703,525,699,401,707,706,
303	360.000000	897.000000	241,924,198,465,263,332,1056,
304	64.000000	944.000000	471,952,914,335,328,951,17,
305	717.000000	62.000000	1104,1247,400,419,575,574,
306	719.000000	541.000000	762,517,1483,1357,1356,1358,
307	230.000000	594.000000	817,385,165,1337,776,136,
308	348.000000	494.000000	222,1058,1059,783,1299,366,
309	410.000000	1.000000	564,565,317,
310	229.000000	521.000000	513,253,1272,1273,777,1337,
311	583.000000	841.000000	360,357,228,377,963,314,1224,
312	138.000000	223.000000	282,1093,624,397,1155,
313	153.000000	823.000000	916,408,109,508,1023,370,987,
314	543.000000	843.000000	960,1223,1224,311,963,456,959,
315	618.000000	913.000000	1013,36,1027,492,285,935,929,
316	961.000000	971.000000	828,490,281,104,829,19,
317	431.000000	17.000000	233,309,565,122,461,567,
318	827.000000	186.000000	75,236,179,1380,710,709,
319	917.000000	694.000000	170,448,877,369,798,14,137,
320	499.000000	631.000000	1202,1200,1199,1459,205,1008,429,
321	999.000000	335.000000	740,739,403,485,532,
322	271.000000	825.000000	442,286,919,214,505,922,888,
323	111.000000	487.000000	657,659,1043,279,1078,1237,1079,
324	799.000000	123.000000	1316,1320,685,4,1381,697,992,
325	209.000000	193.000000	346,598,1386,1387,594,289,
326	888.000000	923.000000	932,940,941,514,864,962,865,1016,
327	955.000000	820.000000	132,1324,1325,1326,476,363,
328	39.000000	921.000000	304,335,912,850,123,468,951,
329	129.000000	962.000000	351,952,235,846,120,3,
330	14.000000	129.000000	562,433,88,167,523,
331	255.000000	925.000000	237,101,1070,1072,1074,48,920,921,1119,
332	334.000000	924.000000	1073,99,24,1056,303,263,47,
333	57.000000	989.000000	471,17,847,211,
334	785.000000	588.000000	1172,1167,1166,1258,1332,1257,
335	56.000000	915.000000	304,913,530,911,912,123,328,951,
336	301.000000	247.000000	239,483,634,631,633,
337	738.000000	223.000000	536,687,1148,692,695,696,
338	490.000000	764.000000	964,157,359,897,427,895,1143,
339	995.000000	826.000000	132,825,1323,1324,
340	758.000000	962.000000	937,984,292,833,164,264,69,
341	138.000000	435.000000	1077,409,210,622,1237,1078,
342	766.000000	174.000000	536,179,1381,4,686,687,
343	185.000000	984.000000	247,949,948,238,845,1050,
344	638.000000	814.000000	873,872,871,178,1430,541,38,1118,228,
345	488.000000	141.000000	638,421,379,1307,1308,300,
346	222.000000	225.000000	325,289,625,632,392,598,
347	5.000000	32.000000	186,474,488,482,183,
348	975.000000	595.000000	859,760,860,1164,795,275,
349	404.000000	874.000000	242,198,924,64,499,1365,
350	117.000000	636.000000	158,1278,1279,1281,1280,1055,
351	122.000000	932.000000	100,917,78,914,952,329,3,
352	323.000000	808.000000	1426,502,888,922,1051,1053,
353	88.000000	604.000000	1279,1278,811,810,1045,1244,507,1277,
354	287.000000	961.000000	1073,1074,1072,1071,414,843,58,
355	420.000000	764.000000	51,1063,145,150,143,894,389,
356	898.000000	532.000000	68,225,761,1169,858,
357	612.000000	852.000000	360,36,873,228,311,
358	473.000000	873.000000	430,1026,129,1363,943,37,1142,
359	501.000000	727.000000	470,878,1067,897,338,157,226,
360	588.000000	873.000000	1222,492,1027,36,357,311,1224,1223,
361	28.000000	198.000000	592,593,1123,446,586,433,
362	453.000000	656.000000	1202,429,1005,879,219,1201,
363	940.000000	843.000000	132,327,1326,476,862,863,533,
364	5.000000	831.000000	0,1294,918,484,851,852,
365	955.000000	6.000000	251,1195,1196,506,577,5,
366	354.000000	523.000000	222,308,1299,1300,1298,1297,
367	894.000000	307.000000	426,742,436,736,737,
368	4.000000	312.000000	1125,614,1126,
369	931.000000	726.000000	130,798,319,877,271,1321,33,
370	129.000000	826.000000	371,987,313,1023,134,1291,1290,
371	126.000000	856.000000	1290,909,378,987,370,
372	549.000000	757.000000	964,32,899,25,74,226,157,
373	667.000000	884.000000	1011,1012,1013,1015,1014,270,
374	975.000000	714.000000	130,822,819,824,823,86,154,798,
375	222.000000	820.000000	294,954,919,286,1024,462,1444,109,
376	944.000000	161.000000	706,707,729,730,187,704,138,287,
377	587.000000	810.000000	1224,311,228,1118,193,963,
378	142.000000	879.000000	371,78,917,915,916,987,
379	517.000000	158.000000	674,1177,1307,345,421,1315,673,
380	296.000000	871.000000	921,945,263,1052,192,214,
381	933.000000	784.000000	33,861,1327,1326,1325,
382	186.000000	793.000000	508,109,1444,462,906,905,990,
383	815.000000	758.000000	1017,203,257,1229,1226,1225,800,
384	674.000000	999.000000	1114,1374,835,204,1361,
385	251.000000	607.000000	817,534,808,165,307,
386	840.000000	55.000000	496,27,1319,1318,1317,80,173,
387	815.000000	952.000000	6,28,264,933,939,119,934,
388	798.000000	824.000000	57,410,1010,868,866,867,159,
389	450.000000	770.000000	51,355,894,434,895,427,
390	601.000000	122.000000	1245,1296,1180,1178,676,679,682,
391	46.000000	690.000000	87,903,1282,196,1233,209,283,
392	248.000000	229.000000	346,632,633,631,598,
393	804.000000	431.000000	151,413,417,1368,1367,83,
394	761.000000	855.000000	986,869,1010,410,467,199,
395	977.000000	891.000000	827,826,533,268,942,444,8,
396	790.000000	58.000000	576,457,94,584,1320,1318,1319,
397	157.000000	209.000000	1155,312,624,626,289,594,301,
398	611.000000	733.000000	1205,1206,493,25,898,900,1207,139,
399	252.000000	716.000000	1140,1139,1137,882,883,1131,884,
400	720.000000	89.000000	419,305,1247,1371,77,441,
401	877.000000	169.000000	75,728,708,707,302,699,698,
402	416.000000	939.000000	923,1158,946,89,926,1025,248,
403	974.000000	306.000000	485,321,739,249,735,221,
404	994.000000	401.000000	740,1256,1254,749,
405	127.000000	570.000000	1044,1235,1045,810,811,809,538,
406	118.000000	7.000000	1372,553,552,551,
407	708.000000	330.000000	82,717,415,715,716,714,
408	178.000000	842.000000	916,956,953,294,109,508,313,987,
409	162.000000	424.000000	1077,1042,1041,210,341,
410	773.000000	824.000000	1019,467,394,1010,388,159,57,
411	247.000000	309.000000	1036,663,649,207,60,650,22,
412	882.000000	494.000000	480,529,761,225,1113,126,
413	805.000000	411.000000	151,1377,745,417,393,83,
414	278.000000	972.000000	58,354,1072,1071,843,
415	737.000000	327.000000	715,407,717,720,719,718,23,
416	936.000000	244.000000	731,45,72,96,174,212,
417	786.000000	405.000000	1147,393,413,745,200,475,299,
418	876.000000	271.000000	40,725,737,736,252,738,
419	743.000000	70.000000	1248,584,94,575,305,400,441,
420	863.000000	4.000000	581,580,496,
421	486.000000	164.000000	638,1312,1315,673,379,345,
422	87.000000	220.000000	282,1155,595,590,1373,611,1091,
423	754.000000	2.000000	1033,62,575,94,
424	559.000000	918.000000	521,1117,492,1222,70,1362,
425	414.000000	104.000000	602,71,1030,604,610,1309,108,
426	876.000000	317.000000	737,168,743,742,436,367,
427	471.000000	768.000000	51,389,434,895,338,897,
428	265.000000	44.000000	1099,1106,556,1391,250,1390,528,
429	479.000000	633.000000	1202,320,1008,1471,1005,362,
430	444.000000	880.000000	1026,129,358,1142,499,64,248,
431	81.000000	135.000000	115,588,1086,1083,1084,88,587,
432	696.000000	402.000000	46,721,1402,754,1406,753,722,
433	25.000000	161.000000	562,361,586,88,330,
434	453.000000	792.000000	1141,895,427,389,894,1364,896,
435	177.000000	638.000000	158,1055,113,516,540,486,816,479,
436	914.000000	317.000000	426,742,224,221,66,736,367,
437	187.000000	578.000000	538,295,816,136,776,775,
438	729.000000	781.000000	85,296,232,1020,1019,1018,936,
439	933.000000	582.000000	758,858,510,1164,860,
440	148.000000	740.000000	1284,269,905,904,491,1275,
441	743.000000	103.000000	419,400,77,259,1249,685,1248,
442	264.000000	803.000000	1024,286,919,322,505,888,887,184,141,
443	811.000000	993.000000	939,933,834,832,
444	977.000000	929.000000	828,155,8,395,942,220,281,490,
445	375.000000	385.000000	1415,766,1395,1492,148,
446	49.000000	207.000000	586,361,1123,1122,611,1373,590,
447	198.000000	3.000000	175,1464,63,284,554,
448	879.000000	705.000000	512,877,170,1161,799,
449	842.000000	243.000000	40,738,524,709,710,712,
450	594.000000	997.000000	1115,227,837,836,472,
451	386.000000	47.000000	602,122,565,564,1102,603,
452	230.000000	769.000000	1140,885,276,906,462,1024,141,184,
453	406.000000	641.000000	790,219,879,481,787,1431,788,
454	339.000000	669.000000	789,131,1132,880,1134,44,
455	864.000000	411.000000	151,7,1112,752,10,746,1377,
456	542.000000	805.000000	964,1143,959,314,963,193,32,
457	780.000000	39.000000	576,1033,94,584,396,
458	855.000000	121.000000	992,697,698,699,525,80,1317,
459	323.000000	550.000000	1300,1299,1209,782,806,781,
460	994.000000	189.000000	705,266,704,187,732,733,
461	448.000000	48.000000	108,1176,91,567,317,122,
462	214.000000	788.000000	382,1444,375,1024,141,452,906,
463	369.000000	985.000000	197,169,841,114,1159,24,
464	347.000000	731.000000	890,44,1134,1135,889,153,891,
465	363.000000	870.000000	303,924,198,242,1054,1052,263,
466	367.000000	829.000000	242,280,965,1053,1054,
467	737.000000	831.000000	1019,1020,152,1021,260,199,394,410,57,
468	2.000000	933.000000	2,951,328,123,850,849,
469	140.000000	317.000000	627,489,106,617,188,991,
470	514.000000	711.000000	359,226,1069,105,878,1067,897,
471	77.000000	959.000000	304,17,333,211,235,952,
472	612.000000	984.000000	1376,1116,1115,450,836,1375,
473	998.000000	558.000000	774,760,859,759,
474	2.000000	71.000000	488,347,523,559,
475	753.000000	392.000000	417,200,719,720,722,753,522,299,
476	924.000000	826.000000	1230,862,863,363,327,1326,1327,
477	866.000000	365.000000	201,742,743,41,1377,746,
478	724.000000	902.000000	1214,1213,288,986,870,1014,520,1344,
479	163.000000	620.000000	158,1055,435,816,295,
480	852.000000	496.000000	1261,529,412,126,1369,756,
481	410.000000	620.000000	790,453,879,1004,1451,787,1431,
482	21.000000	28.000000	186,347,488,1499,1442,1417,183,
483	318.000000	253.000000	239,643,642,634,336,
484	2.000000	802.000000	364,918,185,
485	967.000000	333.000000	739,403,221,254,532,321,
486	216.000000	636.000000	156,815,817,816,435,540,
487	668.000000	634.000000	1398,805,103,537,
488	26.000000	59.000000	1417,482,347,474,559,498,1442,1499,
489	139.000000	284.000000	1094,172,106,469,627,208,1093,
490	962.000000	950.000000	828,155,444,220,281,104,316,19,
491	170.000000	713.000000	440,904,149,98,516,1232,1275,
492	583.000000	910.000000	360,1222,70,424,1117,285,315,1027,
493	589.000000	724.000000	398,1206,65,74,25,900,
494	936.000000	386.000000	747,748,1255,1256,750,254,741,
495	77.000000	34.000000	1372,551,107,1417,1499,1442,558,180,553,
496	840.000000	17.000000	581,420,118,27,386,
497	243.000000	863.000000	921,214,919,954,955,1,1119,
498	50.000000	76.000000	13,560,558,1442,1499,488,559,
499	434.000000	850.000000	349,64,430,1142,1141,896,1364,1365,
500	200.000000	915.000000	237,161,1,915,950,39,949,101,
501	124.000000	775.000000	269,1285,907,1023,990,
502	315.000000	788.000000	1426,153,893,888,922,352,
503	4.000000	696.000000	87,283,855,854,
504	639.000000	74.000000	1245,297,1246,573,1088,1090,681,
505	289.000000	831.000000	192,1051,922,888,442,322,919,214,
506	983.000000	21.000000	1196,583,190,577,365,1195,
507	62.000000	601.000000	1234,901,1277,353,810,1244,
508	165.000000	805.000000	382,905,990,1023,313,408,109,1444,
509	233.000000	411.000000	1038,1039,661,84,771,277,240,
510	921.000000	606.000000	1009,1163,1164,860,439,1266,
511	272.000000	1.000000	556,557,555,1391,
512	886.000000	730.000000	1322,271,877,448,1229,
513	253.000000	551.000000	310,1337,165,782,780,253,
514	909.000000	925.000000	326,940,941,220,265,864,
515	267.000000	463.000000	778,770,217,162,771,243,772,
516	182.000000	675.000000	156,540,435,113,1232,491,98,886,
517	743.000000	533.000000	762,1258,1259,20,1483,1357,306,
518	660.000000	295.000000	547,548,714,716,18,691,546,
519	651.000000	697.000000	1205,139,1207,1208,875,90,1144,
520	707.000000	914.000000	930,1344,1214,478,870,1014,
521	548.000000	936.000000	928,29,1117,424,70,54,26,958,
522	735.000000	425.000000	1147,299,475,753,1406,1485,755,
523	6.000000	108.000000	330,167,559,474,
524	854.000000	226.000000	726,728,709,710,449,738,
525	886.000000	115.000000	703,702,701,80,458,699,302,
526	266.000000	666.000000	1133,258,534,815,883,1131,882,881,
527	388.000000	234.000000	641,111,644,645,1383,
528	267.000000	64.000000	1099,428,1390,1189,1097,1098,
529	865.000000	509.000000	110,761,412,480,1261,
530	67.000000	890.000000	911,912,335,913,989,909,910,
531	803.000000	1.000000	576,118,1033,
532	982.000000	358.000000	740,321,485,254,750,1256,
533	954.000000	866.000000	132,363,863,268,395,
534	259.000000	636.000000	808,385,815,526,258,
535	793.000000	354.000000	200,745,744,724,723,718,719,
536	763.000000	200.000000	342,686,687,337,696,95,179,
537	684.000000	651.000000	90,76,801,1399,1398,487,103,
538	160.000000	564.000000	1044,405,809,295,437,775,140,
539	782.000000	702.000000	1227,1228,223,231,11,244,800,1225,
540	189.000000	664.000000	156,486,435,113,516,886,
541	631.000000	800.000000	178,1430,38,1118,228,344,
542	433.000000	265.000000	1382,1383,645,1489,1394,764,
543	525.000000	198.000000	1314,974,968,977,978,673,1315,
544	609.000000	245.000000	971,972,545,166,688,979,980,970,
545	619.000000	261.000000	971,972,546,691,166,688,544,
546	632.000000	282.000000	545,972,547,518,691,
547	641.000000	300.000000	972,995,973,548,518,691,546,
548	648.000000	321.000000	547,973,996,1001,714,518,
549	481.000000	259.000000	1382,764,550,975,1003,974,1384,
550	487.000000	297.000000	549,764,765,976,975,
551	88.000000	5.000000	1372,406,107,495,
552	144.000000	12.000000	175,554,406,553,59,1464,
553	116.000000	34.000000	1372,495,180,561,59,552,406,
554	162.000000	6.000000	447,552,59,1464,175,
555	240.000000	6.000000	284,1391,511,
556	283.000000	19.000000	1099,1106,557,511,1391,428,
557	303.000000	12.000000	215,511,556,1106,1105,52,
558	71.000000	55.000000	1417,1442,1499,498,560,180,495,
559	27.000000	81.000000	13,498,1442,1499,488,474,523,167,
560	85.000000	76.000000	13,1083,1082,180,558,498,
561	127.000000	61.000000	1082,1156,97,59,553,180,
562	5.000000	151.000000	330,585,433,88,
563	360.000000	6.000000	215,52,1102,564,
564	379.000000	9.000000	1102,451,565,309,563,
565	406.000000	29.000000	451,122,317,309,564,
566	484.000000	7.000000	233,567,1181,9,55,
567	465.000000	26.000000	233,317,461,91,1181,9,566,
568	541.000000	9.000000	1182,1378,55,569,
569	527.000000	34.000000	1182,568,55,1181,672,1183,
570	628.000000	8.000000	1088,1087,571,1379,1089,
571	667.000000	2.000000	572,570,1087,1103,
572	705.000000	6.000000	1104,574,62,571,1103,
573	653.000000	52.000000	1104,1087,1088,504,1246,1247,
574	712.000000	31.000000	1104,305,575,62,572,1103,
575	739.000000	35.000000	419,94,423,62,574,305,
576	802.000000	32.000000	457,396,1319,27,118,531,1033,
577	991.000000	1.000000	365,506,190,
578	939.000000	52.000000	251,579,206,195,1250,1196,1195,
579	910.000000	36.000000	251,5,580,581,700,206,578,
580	887.000000	11.000000	581,700,579,5,420,
581	875.000000	25.000000	496,27,173,700,579,580,420,
582	986.000000	94.000000	1428,967,93,1440,1441,1250,
583	991.000000	54.000000	1196,1250,1441,1440,190,506,
584	775.000000	67.000000	457,94,419,1248,1320,1318,396,
585	4.000000	177.000000	562,592,361,586,433,
586	42.000000	172.000000	446,590,587,88,433,361,
587	66.000000	160.000000	115,431,88,586,590,
588	112.000000	143.000000	142,1085,1086,431,115,589,1498,
589	122.000000	167.000000	142,1498,1085,588,115,595,1155,301,
590	79.000000	187.000000	446,1373,422,595,115,587,586,
591	177.000000	168.000000	142,1498,301,594,1387,1188,
592	4.000000	204.000000	585,593,1123,361,
593	6.000000	230.000000	592,1124,1122,1123,361,
594	184.000000	192.000000	591,301,397,289,325,1387,
595	107.000000	191.000000	1155,589,115,590,422,
596	266.000000	155.000000	1120,597,1186,1187,245,1028,
597	288.000000	141.000000	1120,599,607,1096,1095,1186,596,
598	242.000000	202.000000	245,1386,325,346,392,631,1028,
599	308.000000	155.000000	1120,1032,128,1339,607,597,
600	330.000000	81.000000	298,601,1101,1100,1098,1096,
601	349.000000	93.000000	298,606,1030,71,603,1101,600,
602	400.000000	79.000000	108,122,451,603,71,425,
603	376.000000	69.000000	1101,601,71,602,451,1102,
604	399.000000	123.000000	425,71,1030,1029,605,610,
605	392.000000	145.000000	608,609,1310,610,604,1030,1029,
606	355.000000	119.000000	298,607,1338,1029,1030,71,601,
607	321.000000	127.000000	298,1096,597,599,1339,1338,606,
608	373.000000	168.000000	1338,1340,1341,636,609,605,1029,
609	401.000000	167.000000	608,636,637,1310,605,1029,
610	427.000000	135.000000	300,1309,425,604,605,1310,1311,
611	65.000000	240.000000	1091,422,1373,446,1122,1121,
612	30.000000	263.000000	117,1121,1122,1124,1125,
613	57.000000	302.000000	117,1126,615,616,1092,
614	9.000000	344.000000	618,116,1126,368,
615	65.000000	331.000000	1127,147,616,613,1126,116,
616	87.000000	305.000000	617,172,1092,613,615,147,
617	111.000000	322.000000	469,106,147,619,188,
618	9.000000	367.000000	125,1129,16,116,614,
619	111.000000	356.000000	1461,21,623,617,147,1128,
620	57.000000	424.000000	1130,1129,181,1240,1239,1238,621,
621	86.000000	414.000000	658,622,1461,1128,1130,620,1238,
622	115.000000	408.000000	1461,621,341,210,21,
623	147.000000	368.000000	660,42,188,619,21,210,
624	153.000000	246.000000	282,1094,1093,208,626,397,312,
625	208.000000	246.000000	346,289,626,60,632,
626	179.000000	235.000000	397,624,208,629,625,289,
627	162.000000	301.000000	628,208,489,106,469,991,267,651,
628	195.000000	288.000000	627,651,650,60,629,208,
629	201.000000	261.000000	628,60,625,626,208,
630	6.000000	484.000000	1075,652,1241,1076,
631	280.000000	213.000000	1032,1028,598,392,633,336,634,1335,
632	240.000000	246.000000	207,633,392,346,625,60,
633	277.000000	250.000000	239,336,631,392,632,207,648,
634	313.000000	224.000000	635,1335,631,336,483,642,
635	348.000000	210.000000	634,642,111,636,1341,1340,1335,
636	382.000000	193.000000	641,637,609,608,1341,635,111,
637	410.000000	190.000000	641,639,640,1310,609,636,
638	471.000000	147.000000	300,1311,1312,421,345,1308,
639	428.000000	208.000000	1382,1313,640,637,641,1383,
640	444.000000	189.000000	1311,1310,637,639,1313,1312,
641	403.000000	217.000000	527,645,1383,639,637,636,111,
642	348.000000	240.000000	634,483,643,644,111,635,
643	347.000000	266.000000	647,1463,1490,644,642,483,239,
644	379.000000	255.000000	527,111,642,643,1490,1489,645,
645	406.000000	247.000000	527,644,1489,542,1383,641,
646	387.000000	300.000000	1439,1489,1490,1463,1491,
647	325.000000	299.000000	1462,1463,643,239,229,666,
648	284.000000	286.000000	229,239,633,207,649,
649	272.000000	304.000000	665,229,648,207,411,663,
650	225.000000	302.000000	628,651,22,411,60,
651	193.000000	305.000000	628,208,627,991,267,22,650,
652	7.000000	514.000000	653,34,1241,630,
653	9.000000	551.000000	655,1234,1243,1242,34,652,
654	13.000000	591.000000	856,901,1234,655,
655	5.000000	568.000000	654,1234,653,
656	71.000000	544.000000	1081,1242,1243,1244,1045,1236,
657	85.000000	505.000000	1081,1236,659,323,1079,1080,
658	102.000000	436.000000	621,1238,1237,341,622,
659	110.000000	510.000000	657,1236,1235,1043,279,323,
660	170.000000	384.000000	662,42,623,210,1041,1039,1400,
661	203.000000	436.000000	1042,1271,1270,84,1040,1041,
662	201.000000	360.000000	1038,1037,22,267,42,660,1400,1039,
663	266.000000	327.000000	665,229,649,411,1036,1035,
664	246.000000	365.000000	1038,240,1035,1036,1037,
665	290.000000	331.000000	229,649,663,1035,669,293,666,
666	319.000000	326.000000	665,293,667,1462,647,229,
667	341.000000	337.000000	1462,666,293,1336,1492,1491,
668	288.000000	380.000000	240,160,769,293,669,1035,
669	292.000000	360.000000	665,1035,668,293,
670	166.000000	486.000000	1077,1078,279,1022,31,1273,1271,
671	486.000000	70.000000	1302,1303,672,1181,91,1176,
672	516.000000	66.000000	671,1303,1304,1183,1181,
673	519.000000	176.000000	674,379,421,1315,543,978,
674	555.000000	159.000000	676,1178,1177,379,673,978,194,
675	598.000000	188.000000	678,676,194,981,979,191,
676	590.000000	155.000000	674,194,675,678,679,390,1178,
677	642.000000	180.000000	678,191,689,1154,144,683,
678	621.000000	165.000000	676,675,191,677,683,679,
679	618.000000	132.000000	1245,390,676,678,683,682,
680	591.000000	39.000000	1182,176,681,1090,1088,1089,1379,1378,
681	600.000000	70.000000	1245,504,1090,680,176,1296,
682	636.000000	121.000000	1245,390,679,683,684,297,
683	646.000000	148.000000	678,677,144,1152,684,682,679,
684	665.000000	118.000000	1370,297,682,683,1152,1031,1371,
685	777.000000	114.000000	1316,1320,1248,441,1249,4,324,
686	745.000000	165.000000	259,56,1151,536,342,4,
687	737.000000	184.000000	536,342,686,56,1151,1148,337,
688	630.000000	224.000000	545,166,689,191,979,544,
689	654.000000	205.000000	690,1154,144,677,191,688,166,
690	672.000000	227.000000	1149,1150,1154,689,166,
691	654.000000	264.000000	545,546,547,518,18,1149,166,
692	711.000000	241.000000	1149,693,694,695,337,1148,1150,
693	699.000000	269.000000	715,694,692,1149,18,716,
694	721.000000	261.000000	715,230,695,692,1149,693,
695	740.000000	246.000000	230,102,696,337,692,694,
696	767.000000	232.000000	711,95,536,337,695,102,
697	819.000000	138.000000	1316,324,1381,236,698,458,992,
698	845.000000	147.000000	75,401,699,458,992,697,236,
699	874.000000	139.000000	401,707,302,525,458,698,
700	890.000000	49.000000	581,173,701,206,579,580,
701	889.000000	79.000000	703,702,206,700,173,80,525,
702	912.000000	88.000000	703,1428,195,206,701,525,
703	914.000000	109.000000	706,287,1428,195,702,701,525,302,
704	979.000000	158.000000	705,266,138,376,187,460,
705	998.000000	172.000000	266,704,187,732,460,
706	928.000000	142.000000	703,302,707,729,376,138,287,
707	907.000000	152.000000	706,302,699,401,708,729,376,
708	898.000000	184.000000	401,728,1443,727,729,707,
709	842.000000	206.000000	75,318,1380,710,449,524,728,
710	816.000000	223.000000	318,1380,95,711,712,449,524,709,
711	792.000000	250.000000	102,274,1427,712,710,95,696,
712	821.000000	262.000000	40,449,710,711,1427,713,725,
713	811.000000	289.000000	163,724,168,725,712,1427,274,
714	677.000000	319.000000	82,407,716,18,518,548,1001,
715	718.000000	300.000000	716,407,415,23,230,694,
716	699.000000	296.000000	715,18,518,714,407,
717	717.000000	346.000000	46,722,720,415,407,82,
718	771.000000	326.000000	163,274,23,415,719,535,723,
719	759.000000	354.000000	475,200,535,718,415,720,
720	740.000000	355.000000	46,722,475,200,719,415,717,
721	683.000000	384.000000	46,82,1403,1402,754,432,722,
722	721.000000	385.000000	46,721,432,753,475,720,717,
723	800.000000	329.000000	163,718,535,744,724,
724	819.000000	326.000000	163,723,535,744,41,743,168,713,
725	844.000000	289.000000	40,712,713,168,737,418,
726	888.000000	232.000000	738,252,45,727,1443,728,524,
727	918.000000	207.000000	731,730,729,708,1443,726,45,
728	871.000000	205.000000	75,709,524,726,1443,708,401,
729	923.000000	178.000000	731,730,187,376,706,707,708,727,
730	941.000000	196.000000	731,212,732,187,376,729,727,
731	938.000000	215.000000	416,212,730,729,727,45,
732	978.000000	199.000000	705,187,730,212,733,460,
733	991.000000	224.000000	732,212,12,460,
734	994.000000	264.000000	12,174,249,
735	965.000000	292.000000	66,221,403,739,249,174,
736	903.000000	284.000000	72,252,418,737,367,436,66,96,
737	868.000000	288.000000	426,367,736,418,40,725,168,
738	871.000000	246.000000	40,418,252,726,524,449,
739	998.000000	309.000000	485,321,249,735,403,
740	998.000000	364.000000	1256,404,321,532,
741	915.000000	365.000000	747,494,254,224,742,201,
742	888.000000	341.000000	426,743,477,201,741,224,436,367,
743	858.000000	332.000000	426,168,724,41,477,742,
744	816.000000	358.000000	745,1377,41,724,723,535,
745	804.000000	380.000000	151,1377,41,744,535,200,417,413,
746	863.000000	390.000000	455,10,201,477,41,1377,
747	905.000000	385.000000	748,494,741,201,10,
748	920.000000	410.000000	747,10,1034,1255,494,
749	988.000000	439.000000	751,404,1254,1111,1360,
750	959.000000	375.000000	1256,532,254,494,1255,
751	995.000000	460.000000	1109,1328,749,1360,
752	885.000000	431.000000	455,7,1112,1113,133,1034,10,
753	726.000000	412.000000	475,722,432,1406,522,299,
754	683.000000	419.000000	1486,1405,1406,432,721,1402,1404,
755	751.000000	450.000000	1147,522,1485,1484,1146,
756	826.000000	489.000000	1261,480,1369,1367,1174,1262,
757	933.000000	510.000000	1108,1107,225,68,773,
758	948.000000	548.000000	774,773,68,858,439,760,
759	997.000000	526.000000	774,473,1328,1175,
760	977.000000	565.000000	774,758,860,348,859,473,
761	882.000000	524.000000	110,1169,356,225,412,529,
762	733.000000	561.000000	1359,1333,1332,1258,517,306,1358,
763	836.000000	606.000000	1172,1171,1268,1267,1265,1264,1167,
764	455.000000	274.000000	549,1382,542,765,550,
765	461.000000	312.000000	550,764,1394,
766	395.000000	382.000000	1438,1395,445,1415,1414,1396,1437,
767	362.000000	428.000000	1057,1415,189,15,1253,
768	322.000000	384.000000	769,189,148,1336,293,669,668,
769	303.000000	408.000000	162,1046,189,668,160,
770	298.000000	474.000000	778,61,783,1059,217,162,515,
771	252.000000	429.000000	509,84,243,515,162,160,277,
772	259.000000	490.000000	778,515,243,1272,779,
773	953.000000	519.000000	774,1175,1108,757,68,758,
774	971.000000	531.000000	758,760,473,759,1175,773,
775	184.000000	549.000000	538,437,776,777,31,1022,140,
776	216.000000	571.000000	307,1337,777,775,437,136,
777	214.000000	540.000000	31,775,776,1337,310,1273,
778	283.000000	492.000000	779,61,783,770,515,772,
779	282.000000	520.000000	778,772,253,780,1209,61,
780	278.000000	550.000000	779,253,513,782,1209,
781	336.000000	581.000000	1300,459,806,81,73,784,786,
782	288.000000	567.000000	513,165,272,81,806,459,1209,780,
783	322.000000	496.000000	778,61,1299,308,1059,770,
784	353.000000	600.000000	785,786,781,73,218,
785	372.000000	607.000000	1451,786,784,218,1431,787,
786	363.000000	585.000000	1300,781,784,218,785,1451,1301,
787	400.000000	607.000000	1004,1451,785,218,1431,453,481,
788	378.000000	652.000000	790,453,1431,218,131,789,
789	376.000000	679.000000	790,788,131,454,44,1061,
790	401.000000	656.000000	789,1061,219,879,453,481,1431,788,
791	571.000000	601.000000	1453,1409,1198,1458,1452,
792	734.000000	652.000000	961,231,112,1330,1329,1399,801,
793	806.000000	652.000000	1228,794,1160,1171,1172,1331,223,
794	837.000000	673.000000	793,1228,35,799,1161,1268,1160,
795	964.000000	619.000000	1429,275,348,860,1164,797,796,
796	981.000000	644.000000	795,797,1165,86,818,1429,275,
797	954.000000	641.000000	795,1164,1163,1165,796,
798	945.000000	707.000000	130,374,154,14,319,877,369,
799	855.000000	698.000000	794,35,876,448,170,1161,
800	786.000000	734.000000	1227,539,244,255,1017,383,1225,
801	713.000000	670.000000	961,792,1399,537,90,76,802,
802	729.000000	697.000000	11,961,801,76,262,1145,
803	735.000000	741.000000	85,936,255,244,1145,262,
804	551.000000	662.000000	1199,1200,105,1068,1197,1458,1459,
805	644.000000	628.000000	1452,1457,103,487,1007,
806	318.000000	572.000000	1300,459,1209,782,272,81,781,
807	305.000000	621.000000	1133,1132,73,81,272,808,258,
808	278.000000	609.000000	534,258,807,81,272,165,385,
809	139.000000	582.000000	158,295,538,1044,811,
810	99.000000	592.000000	1279,1278,811,1045,1244,507,353,
811	122.000000	592.000000	158,809,1045,810,353,1278,
812	32.000000	630.000000	856,814,209,1277,901,
813	110.000000	687.000000	1281,196,1282,1283,202,1280,
814	14.000000	653.000000	856,855,209,812,
815	239.000000	647.000000	156,883,526,534,817,486,
816	193.000000	614.000000	817,136,437,295,479,435,486,
817	224.000000	614.000000	307,136,816,486,815,385,165,
818	997.000000	669.000000	1429,796,154,86,823,
819	995.000000	746.000000	824,374,822,821,820,
820	996.000000	781.000000	819,821,1325,1323,
821	977.000000	770.000000	130,33,1325,1323,820,819,822,
822	978.000000	745.000000	130,33,821,819,824,374,
823	998.000000	706.000000	824,818,86,374,
824	993.000000	725.000000	819,823,374,822,
825	995.000000	850.000000	132,826,339,
826	991.000000	875.000000	132,533,395,8,827,825,
827	999.000000	893.000000	826,395,8,155,
828	992.000000	954.000000	50,155,444,490,316,19,
829	965.000000	999.000000	50,19,316,104,
830	924.000000	995.000000	931,246,104,983,
831	861.000000	994.000000	931,982,119,939,832,246,
832	834.000000	999.000000	119,939,443,831,
833	771.000000	996.000000	340,292,834,164,
834	793.000000	993.000000	939,933,164,833,443,
835	651.000000	998.000000	384,1374,1375,836,
836	627.000000	998.000000	1376,472,450,835,1374,1375,
837	564.000000	998.000000	928,838,450,1115,227,
838	527.000000	999.000000	928,957,291,837,227,
839	450.000000	993.000000	947,840,216,944,926,
840	415.000000	997.000000	947,946,114,839,
841	356.000000	997.000000	197,169,842,114,463,
842	316.000000	996.000000	58,841,169,197,
843	274.000000	989.000000	58,354,414,1071,844,
844	241.000000	997.000000	843,1071,1049,1050,
845	194.000000	995.000000	247,948,343,238,1050,
846	119.000000	999.000000	235,211,120,329,
847	33.000000	990.000000	2,848,333,17,
848	16.000000	992.000000	2,849,847,17,
849	1.000000	965.000000	468,848,2,951,
850	4.000000	904.000000	468,123,328,912,852,
851	1.000000	855.000000	0,364,852,
852	2.000000	870.000000	0,364,851,850,912,
853	2.000000	760.000000	67,135,854,185,
854	12.000000	733.000000	87,503,853,67,135,
855	6.000000	667.000000	814,503,283,209,
856	4.000000	615.000000	654,814,812,901,
857	2.000000	426.000000	125,1075,1240,181,
858	919.000000	561.000000	68,356,1169,1266,439,758,
859	991.000000	585.000000	473,760,348,275,
860	949.000000	593.000000	795,348,760,439,510,1164,
861	897.000000	773.000000	1230,1327,381,1321,271,1322,146,1231,
862	902.000000	836.000000	1230,53,1048,213,863,363,476,
863	922.000000	866.000000	476,862,213,962,864,268,533,363,
864	913.000000	902.000000	326,514,265,268,863,962,
865	873.000000	896.000000	938,1016,326,962,213,1220,1221,
866	823.000000	850.000000	1218,182,867,388,1010,868,1217,1221,
867	822.000000	819.000000	1218,182,1047,203,273,159,388,866,
868	804.000000	863.000000	1215,1217,1221,866,388,1010,869,
869	777.000000	865.000000	1215,1217,868,1010,986,288,
870	708.000000	879.000000	270,1014,520,478,986,199,260,1021,
871	671.000000	796.000000	30,178,1430,344,872,152,296,
872	666.000000	829.000000	1011,270,152,871,344,873,
873	643.000000	849.000000	1011,872,344,228,357,36,1012,
874	644.000000	758.000000	30,1211,1207,900,38,1430,178,
875	679.000000	701.000000	90,519,1208,1212,262,76,
876	859.000000	714.000000	512,448,799,35,1226,1229,
877	908.000000	712.000000	512,271,369,798,319,170,448,
878	490.000000	693.000000	1202,1201,1065,1067,359,470,105,1200,234,
879	434.000000	637.000000	790,219,362,1005,1004,481,453,
880	320.000000	673.000000	1133,881,1134,454,131,1132,
881	296.000000	685.000000	1133,526,882,1137,1136,1134,880,
882	275.000000	690.000000	399,1137,1136,881,1133,526,883,1131,
883	243.000000	677.000000	156,886,1131,399,882,526,815,
884	222.000000	717.000000	1140,399,1131,886,98,149,885,
885	220.000000	742.000000	1140,884,149,276,906,452,
886	218.000000	683.000000	156,540,516,98,884,1131,883,
887	278.000000	770.000000	1138,1139,184,141,442,888,893,
888	292.000000	792.000000	442,322,505,922,352,502,893,887,184,
889	327.000000	738.000000	1138,893,153,891,464,1135,
890	369.000000	728.000000	278,44,464,891,145,177,
891	366.000000	746.000000	890,464,889,153,1425,150,145,177,
892	357.000000	794.000000	1426,352,1053,466,965,43,150,1425,153,
893	317.000000	762.000000	1138,887,888,502,1426,1425,153,889,
894	427.000000	791.000000	389,355,43,143,1364,896,434,
895	475.000000	797.000000	1141,290,1143,338,427,389,434,
896	442.000000	824.000000	1141,434,894,1364,1365,499,1142,
897	483.000000	736.000000	51,427,338,157,359,470,1067,1066,
898	592.000000	767.000000	398,25,899,193,1118,38,900,
899	569.000000	770.000000	32,193,898,25,74,372,
900	611.000000	755.000000	398,493,25,898,38,1430,874,
901	28.000000	606.000000	856,812,1277,507,1234,654,
902	50.000000	752.000000	1287,903,135,67,256,1288,1286,
903	55.000000	714.000000	87,135,902,1287,1282,196,391,283,
904	171.000000	746.000000	276,149,491,440,990,905,906,
905	168.000000	766.000000	276,904,440,269,990,508,382,906,
906	191.000000	769.000000	276,904,905,382,1444,462,452,885,
907	103.000000	788.000000	134,1023,501,269,1285,1288,1289,1291,
908	77.000000	840.000000	1290,1291,1289,1292,988,910,909,
909	99.000000	867.000000	371,1290,908,910,530,989,913,78,
910	69.000000	851.000000	1290,1291,908,1292,988,0,911,530,989,909,
911	50.000000	878.000000	0,912,335,530,989,910,
912	33.000000	894.000000	0,852,850,123,328,335,530,911,
913	91.000000	904.000000	335,914,78,909,989,530,
914	96.000000	923.000000	304,952,351,78,913,
915	171.000000	889.000000	916,378,917,950,500,956,
916	166.000000	851.000000	915,956,953,408,109,313,987,378,
917	149.000000	908.000000	915,378,78,351,100,950,
918	21.000000	810.000000	364,1294,1293,185,484,
919	253.000000	829.000000	1024,375,954,214,505,322,442,286,
920	265.000000	907.000000	237,331,1072,1074,48,945,921,1119,
921	269.000000	889.000000	214,497,1119,331,920,48,945,380,
922	310.000000	818.000000	192,1051,1053,352,1426,502,888,322,505,
923	405.000000	919.000000	241,1158,402,248,64,924,
924	386.000000	894.000000	349,198,465,303,1056,241,923,
925	464.000000	917.000000	1025,927,966,1363,129,1026,248,
926	447.000000	964.000000	1025,402,89,946,947,839,944,927,
927	473.000000	936.000000	1025,926,944,92,966,129,925,1026,
928	540.000000	974.000000	521,958,957,838,837,227,29,
929	651.000000	929.000000	930,1015,1013,315,935,985,124,
930	681.000000	929.000000	1114,1343,1344,520,1014,1015,929,124,
931	893.000000	972.000000	932,982,831,246,830,983,941,940,
932	866.000000	949.000000	931,940,326,1016,934,119,982,
933	805.000000	966.000000	939,934,387,28,264,164,834,443,
934	830.000000	945.000000	932,1016,6,28,387,933,939,119,
935	617.000000	935.000000	1376,985,929,315,285,1117,1116,
936	740.000000	769.000000	85,438,232,1019,1018,255,803,
937	732.000000	946.000000	69,1213,1214,1344,1343,984,340,
938	848.000000	905.000000	6,1016,865,1220,1221,1216,
939	829.000000	978.000000	119,934,387,933,834,443,832,831,
940	899.000000	950.000000	932,982,931,983,941,514,326,
941	915.000000	951.000000	931,983,104,281,220,265,514,326,940,
942	959.000000	909.000000	265,220,444,8,395,268,
943	505.000000	870.000000	121,960,37,358,1363,1362,
944	468.000000	972.000000	947,839,216,291,92,927,926,
945	299.000000	888.000000	921,920,48,47,263,192,380,
946	409.000000	963.000000	947,926,89,402,1158,1159,114,840,
947	434.000000	980.000000	926,89,946,840,839,944,
948	172.000000	965.000000	247,949,39,3,120,238,343,845,
949	199.000000	948.000000	247,1070,101,500,950,39,948,343,
950	175.000000	920.000000	915,917,100,39,949,500,161,
951	34.000000	948.000000	304,335,328,123,468,849,2,17,
952	94.000000	945.000000	304,471,235,329,351,914,
953	200.000000	856.000000	916,956,955,954,294,109,408,
954	228.000000	852.000000	294,953,955,1119,919,375,
955	216.000000	878.000000	953,956,161,1,1119,497,954,
956	189.000000	875.000000	916,915,161,1,955,953,408,
957	519.000000	975.000000	928,29,958,92,216,291,838,
958	524.000000	950.000000	521,54,26,92,957,928,29,
959	518.000000	830.000000	314,456,1143,290,37,960,
960	522.000000	851.000000	314,959,37,943,121,1223,
961	740.000000	678.000000	11,231,112,792,801,802,
962	898.000000	885.000000	1220,865,326,864,863,213,
963	565.000000	821.000000	314,1224,311,377,193,456,
964	524.000000	784.000000	32,372,157,338,1143,456,
965	378.000000	808.000000	1053,466,280,143,43,150,892,
966	493.000000	924.000000	54,1363,129,925,927,92,26,
967	969.000000	107.000000	1428,287,138,93,582,1441,1250,
968	527.000000	234.000000	1003,993,969,977,543,974,
969	552.000000	237.000000	968,993,970,980,977,
970	572.000000	253.000000	971,544,980,969,994,1393,
971	591.000000	264.000000	545,544,970,1393,972,
972	607.000000	281.000000	971,1393,1392,995,547,546,545,544,
973	632.000000	325.000000	997,1001,548,547,995,996,
974	504.000000	229.000000	549,1003,968,543,1314,1384,
975	498.000000	274.000000	549,550,976,993,1003,
976	513.000000	294.000000	993,975,550,1348,999,994,
977	548.000000	217.000000	968,969,980,981,978,543,
978	551.000000	190.000000	674,673,543,977,981,194,
979	601.000000	225.000000	688,191,675,981,980,544,
980	578.000000	223.000000	970,544,979,981,977,969,
981	575.000000	199.000000	980,979,675,194,978,977,
982	870.000000	968.000000	932,119,831,246,931,940,
983	916.000000	981.000000	931,246,830,104,941,940,
984	739.000000	969.000000	937,1343,1361,1342,292,164,340,69,
985	641.000000	950.000000	1376,1375,1374,124,929,935,1116,
986	746.000000	873.000000	1215,869,394,199,260,870,478,288,
987	145.000000	851.000000	371,378,916,408,313,370,
988	51.000000	853.000000	0,911,910,908,1292,1294,
989	86.000000	884.000000	911,530,913,78,909,910,
990	151.000000	780.000000	382,905,269,501,1023,508,
991	166.000000	327.000000	627,469,188,42,267,651,
992	832.000000	115.000000	1316,324,697,698,458,1317,1318,
993	528.000000	268.000000	968,1003,975,976,994,969,
994	549.000000	277.000000	976,999,1393,970,993,
995	606.000000	318.000000	547,972,1392,1002,996,973,
996	619.000000	348.000000	997,548,973,995,1002,1488,
997	630.000000	363.000000	1487,1403,1001,973,996,1488,
998	563.000000	326.000000	1346,1002,1392,999,1347,
999	547.000000	309.000000	976,1348,1347,998,1392,1393,994,
1000	586.000000	372.000000	1418,1487,1488,1002,1346,
1001	661.000000	346.000000	997,1403,82,714,548,973,
1002	585.000000	344.000000	1000,1488,996,995,1392,998,1346,
1003	504.000000	247.000000	549,975,993,968,974,1384,
1004	439.000000	602.000000	787,481,879,1005,1471,1470,1449,
1005	458.000000	630.000000	1202,429,1471,1004,879,362,
1006	694.000000	578.000000	1359,1358,1356,1397,
1007	631.000000	609.000000	1452,805,1455,
1008	495.000000	611.000000	320,205,1350,1434,1471,429,
1009	895.000000	615.000000	1163,510,1266,1170,1162,
1010	785.000000	843.000000	394,869,868,866,388,159,410,
1011	669.000000	851.000000	270,872,873,1012,373,
1012	649.000000	874.000000	1011,873,36,1013,1015,373,
1013	632.000000	896.000000	373,1012,36,1027,315,929,1015,
1014	688.000000	893.000000	930,520,478,870,270,373,1015,
1015	664.000000	902.000000	930,1014,373,1012,1013,929,
1016	854.000000	930.000000	932,326,865,938,6,934,119,
1017	791.000000	772.000000	800,255,1018,159,273,383,
1018	766.000000	776.000000	1017,255,936,438,1019,57,159,
1019	745.000000	802.000000	57,1018,936,438,232,1020,467,410,
1020	730.000000	812.000000	1019,438,232,152,1021,467,57,
1021	710.000000	839.000000	270,870,260,199,467,1020,152,
1022	155.000000	523.000000	1044,140,775,31,670,279,1043,1235,
1023	132.000000	796.000000	134,370,313,508,990,269,501,907,
1024	231.000000	797.000000	442,141,184,452,462,1444,375,919,286,
1025	443.000000	938.000000	926,927,925,1026,248,402,89,
1026	454.000000	902.000000	1025,927,925,129,358,430,64,248,
1027	598.000000	892.000000	360,1222,492,285,315,1013,36,
1028	273.000000	184.000000	1120,596,245,598,631,1032,128,
1029	367.000000	147.000000	608,609,605,604,1030,606,1338,1339,
1030	379.000000	117.000000	601,606,1029,605,604,425,71,
1031	702.000000	133.000000	684,1152,56,259,77,1371,
1032	295.000000	186.000000	1120,1028,631,1335,128,599,
1033	773.000000	6.000000	576,531,423,62,94,457,
1034	918.000000	427.000000	133,1111,1255,748,10,752,
1035	273.000000	348.000000	665,663,1036,664,240,668,669,
1036	248.000000	337.000000	664,1035,663,411,22,1037,
1037	225.000000	354.000000	1038,664,1036,22,662,1039,
1038	233.000000	375.000000	509,277,240,664,1037,662,1039,
1039	209.000000	385.000000	1038,1037,662,1400,660,1041,509,
1040	207.000000	405.000000	1038,1039,1400,1041,661,84,509,
1041	182.000000	409.000000	1042,661,1040,1039,1400,660,210,409,
1042	182.000000	440.000000	1077,1271,1270,661,1041,409,
1043	129.000000	520.000000	1044,1022,279,323,659,1236,1235,
1044	140.000000	542.000000	1043,1235,405,809,538,140,1022,
1045	95.000000	567.000000	1236,656,1244,353,810,811,405,1235,
1046	312.000000	424.000000	15,189,769,162,217,
1047	851.000000	809.000000	867,182,53,1231,146,203,
1048	880.000000	843.000000	1230,53,1218,1220,213,862,
1049	233.000000	978.000000	247,1050,844,1071,1070,
1050	212.000000	992.000000	247,343,845,844,1049,
1051	325.000000	843.000000	192,1052,1054,1053,352,922,505,
1052	329.000000	860.000000	192,380,263,465,1054,1051,
1053	347.000000	818.000000	1426,352,922,1051,1054,466,
1054	349.000000	847.000000	1052,465,242,466,1053,1051,
1055	140.000000	639.000000	158,1278,350,1280,113,435,479,
1056	358.000000	921.000000	241,924,303,47,332,24,1158,
1057	391.000000	437.000000	1252,1413,1414,1415,767,1253,
1058	367.000000	471.000000	222,127,1252,1253,1059,308,
1059	337.000000	466.000000	15,217,770,783,308,1058,1253,
1060	431.000000	707.000000	1066,1065,1201,1064,1061,1062,1063,
1061	407.000000	683.000000	790,789,278,1062,1060,1064,219,
1062	409.000000	708.000000	278,177,1063,1060,1064,1061,
1063	419.000000	734.000000	51,1066,1060,1062,177,145,355,
1064	434.000000	681.000000	1201,362,219,1061,1062,1060,1065,
1065	469.000000	697.000000	234,1201,1064,1060,1066,1067,878,
1066	454.000000	716.000000	51,897,1067,1065,1201,1060,1063,
1067	483.000000	714.000000	1066,897,359,470,878,1065,
1068	547.000000	688.000000	804,105,1069,65,1197,
1069	538.000000	702.000000	470,226,65,1068,105,
1070	231.000000	956.000000	237,101,949,247,1049,1071,1072,331,
1071	252.000000	966.000000	354,1072,101,1070,1049,844,843,414,
1072	265.000000	945.000000	354,1074,48,920,331,101,1070,1071,414,
1073	314.000000	949.000000	58,99,332,47,1074,354,
1074	293.000000	931.000000	1073,47,48,920,331,1072,354,
1075	3.000000	457.000000	857,630,1076,1240,181,
1076	28.000000	477.000000	1075,630,1241,1080,49,1239,1240,
1077	164.000000	454.000000	1042,409,341,1078,670,1271,
1078	135.000000	464.000000	1077,341,1237,323,279,670,
1079	79.000000	474.000000	657,323,1237,1238,49,1080,
1080	56.000000	493.000000	657,1079,49,1076,1241,1081,
1081	64.000000	524.000000	657,1080,1241,1242,1243,656,1236,
1082	104.000000	92.000000	1194,1156,561,180,560,1083,1086,
1083	82.000000	113.000000	13,1084,431,1086,1082,560,
1084	57.000000	119.000000	13,167,88,431,1083,
1085	134.000000	129.000000	1193,1194,1086,588,589,1498,142,1388,
1086	106.000000	117.000000	1085,1194,1082,1083,431,588,
1087	655.000000	26.000000	1104,1103,571,570,1088,573,
1088	630.000000	39.000000	573,1087,570,1089,680,1090,504,
1089	610.000000	23.000000	1090,1088,570,1379,680,
1090	612.000000	55.000000	504,1088,1089,680,176,681,
1091	84.000000	256.000000	282,422,611,1121,1092,172,1094,
1092	77.000000	285.000000	117,613,616,172,1091,1121,
1093	145.000000	262.000000	282,1094,489,208,624,312,
1094	118.000000	261.000000	282,1091,172,489,1093,624,
1095	271.000000	111.000000	1189,1185,1186,597,1096,1097,
1096	305.000000	108.000000	298,600,1098,1097,1095,597,607,
1097	280.000000	91.000000	1099,528,1189,1095,1096,1098,
1098	301.000000	84.000000	298,600,1100,1099,528,1097,1096,
1099	293.000000	54.000000	1100,1105,1106,556,428,528,1097,1098,
1100	320.000000	56.000000	1099,1098,600,1101,1105,1106,
1101	346.000000	54.000000	601,603,1102,52,1105,1100,600,
1102	357.000000	39.000000	1101,603,451,564,563,52,1105,
1103	684.000000	24.000000	1104,574,572,571,1087,
1104	688.000000	38.000000	573,1247,305,574,572,1103,1087,
1105	322.000000	38.000000	215,557,1106,1099,1100,1101,1102,52,
1106	302.000000	34.000000	215,557,556,428,1099,1100,1105,52,
1107	918.000000	476.000000	133,1113,225,757,1108,1110,
1108	941.000000	493.000000	1109,1360,1110,1107,225,757,773,1175,
1109	963.000000	480.000000	1108,1175,1328,751,1360,1110,
1110	937.000000	467.000000	133,1107,1108,1109,1360,1111,
1111	950.000000	442.000000	133,1110,1360,749,1254,1255,1034,
1112	876.000000	447.000000	455,7,126,1113,133,752,
1113	891.000000	465.000000	133,752,126,412,1107,
1114	691.000000	966.000000	930,124,1374,384,204,1361,1343,1344,
1115	589.000000	972.000000	1376,1116,1117,29,227,837,450,472,
1116	601.000000	952.000000	1376,985,935,285,1117,1115,472,
1117	578.000000	943.000000	521,29,1115,1116,935,285,492,424,
1118	607.000000	799.000000	228,344,541,1430,38,898,193,377,
1119	242.000000	889.000000	237,331,920,921,497,954,955,1,161,
1120	289.000000	165.000000	1032,128,599,597,596,1028,
1121	58.000000	260.000000	117,1092,1091,611,1122,612,
1122	41.000000	240.000000	446,1123,593,612,1121,611,
1123	26.000000	214.000000	592,593,1122,446,361,
1124	2.000000	258.000000	612,593,1125,
1125	13.000000	279.000000	117,612,1124,368,1126,
1126	29.000000	314.000000	117,1125,368,614,116,615,613,
1127	67.000000	361.000000	1130,1128,147,615,116,16,
1128	86.000000	379.000000	1130,621,1461,21,619,147,1127,
1129	31.000000	394.000000	125,181,620,1130,16,618,
1130	66.000000	389.000000	1461,1128,16,1129,620,621,
1131	242.000000	698.000000	399,1137,882,526,883,886,884,
1132	314.000000	643.000000	1133,880,454,131,73,807,258,
1133	299.000000	659.000000	882,881,880,1132,807,258,526,
1134	330.000000	697.000000	44,454,880,881,1136,1135,464,
1135	319.000000	721.000000	1138,889,464,44,1134,1136,
1136	292.000000	707.000000	1138,1135,1134,881,882,1137,
1137	277.000000	717.000000	399,1139,1138,1136,881,882,1131,
1138	295.000000	741.000000	889,1135,1136,1137,1139,887,893,
1139	269.000000	742.000000	1140,184,887,1138,1137,399,
1140	244.000000	741.000000	399,884,885,452,184,1139,
1141	459.000000	823.000000	37,290,895,434,1364,896,499,1142,
1142	458.000000	853.000000	1141,896,499,430,358,37,
1143	505.000000	797.000000	964,157,338,895,290,959,456,
1144	644.000000	674.000000	1205,519,90,103,1203,
1145	736.000000	722.000000	11,802,262,85,803,244,
1146	770.000000	473.000000	1147,755,1484,1366,1367,1368,
1147	770.000000	435.000000	1146,1368,393,417,299,522,755,
1148	719.000000	206.000000	1151,1150,692,337,687,
1149	683.000000	251.000000	690,691,18,693,694,692,1150,
1150	696.000000	218.000000	690,1149,692,1148,1151,1154,
1151	713.000000	185.000000	1148,687,686,56,1153,1154,1150,
1152	680.000000	150.000000	683,144,1153,56,1031,684,
1153	687.000000	178.000000	144,1154,1151,56,1152,
1154	676.000000	199.000000	690,1150,1151,1153,144,677,689,
1155	122.000000	203.000000	282,312,397,301,589,595,422,
1156	141.000000	84.000000	1192,1184,97,561,1082,1194,
1157	205.000000	63.000000	1191,1416,250,63,171,1184,
1158	393.000000	939.000000	923,241,1056,24,1159,946,89,402,
1159	384.000000	966.000000	197,463,114,946,1158,24,
1160	834.000000	647.000000	793,794,1161,1268,1171,
1161	866.000000	669.000000	1269,1170,1268,1160,794,799,448,170,
1162	905.000000	653.000000	1269,170,137,1163,1009,1170,
1163	921.000000	634.000000	1009,1162,137,1165,797,1164,510,
1164	947.000000	615.000000	795,348,860,439,510,1163,797,
1165	951.000000	658.000000	137,14,154,86,796,797,1163,
1166	789.000000	563.000000	334,1167,1264,1260,1259,1258,1332,
1167	814.000000	586.000000	1172,763,1264,1260,1166,334,
1168	861.000000	561.000000	110,1263,1264,1265,1266,1169,
1169	886.000000	552.000000	110,1168,1266,858,68,356,761,
1170	874.000000	631.000000	1269,1162,1009,1267,1268,1161,
1171	833.000000	624.000000	793,1160,1268,763,1172,
1172	804.000000	614.000000	793,1171,763,1167,334,1257,1331,
1173	784.000000	516.000000	1260,1262,1174,1366,20,1259,
1174	806.000000	498.000000	1367,1366,1173,1262,756,
1175	976.000000	505.000000	774,759,1328,1109,1108,773,
1176	450.000000	82.000000	671,91,461,108,1309,1302,
1177	534.000000	135.000000	674,1179,1306,1307,379,
1178	568.000000	138.000000	674,676,390,1180,1179,1177,
1179	558.000000	111.000000	1178,1180,1296,1305,1304,1306,1177,
1180	580.000000	108.000000	1245,1296,1305,1179,1178,390,
1181	495.000000	42.000000	671,672,9,566,567,91,
1182	560.000000	34.000000	568,569,1183,176,680,1378,
1183	542.000000	56.000000	1182,672,1304,1305,176,
1184	173.000000	63.000000	1191,1157,171,1464,59,97,1156,1192,
1185	240.000000	113.000000	1189,1416,1389,1385,1187,1095,
1186	261.000000	135.000000	1187,596,597,1095,1185,
1187	237.000000	142.000000	245,596,1186,1185,1389,1385,1386,
1188	189.000000	131.000000	1193,1388,591,1387,1385,1389,1190,
1189	249.000000	94.000000	1185,1095,1097,528,1390,1416,1389,
1190	195.000000	106.000000	1193,1188,1385,1389,1416,1191,1192,
1191	184.000000	84.000000	1192,1190,1416,1157,171,1184,
1192	170.000000	94.000000	1193,1190,1191,1184,97,1156,1194,
1193	162.000000	125.000000	142,1388,1188,1190,1192,1194,1085,1498,
1194	137.000000	105.000000	1193,1192,1156,1082,1086,1085,
1195	953.000000	23.000000	251,5,578,1196,506,365,
1196	967.000000	40.000000	365,1195,578,1250,1441,583,190,506,
1197	576.000000	686.000000	804,1068,65,1206,1204,
1198	552.000000	608.000000	1482,205,1459,1458,791,1409,
1199	528.000000	643.000000	320,1200,105,804,1459,205,
1200	512.000000	661.000000	1202,234,878,105,804,1459,1199,320,
1201	456.000000	676.000000	1202,362,219,1064,1060,1066,1065,878,234,
1202	479.000000	657.000000	234,1200,320,429,1005,362,1201,878,
1203	616.000000	668.000000	1205,1144,103,1457,1460,1204,
1204	599.000000	684.000000	1205,1203,1197,1206,
1205	623.000000	695.000000	1203,1204,1206,398,139,519,1144,
1206	593.000000	703.000000	1205,1204,1197,65,493,398,139,
1207	647.000000	735.000000	398,874,1211,1208,519,139,
1208	665.000000	722.000000	519,139,1207,1211,1212,875,
1209	302.000000	538.000000	779,780,782,806,459,1299,61,
1210	757.000000	617.000000	1334,1329,112,1330,1331,1257,1333,
1211	665.000000	745.000000	30,1456,1212,1208,1207,874,
1212	688.000000	732.000000	30,1456,85,262,875,1208,1211,
1213	756.000000	915.000000	1215,288,478,1214,937,69,264,261,
1214	727.000000	926.000000	937,1213,478,520,1344,1343,
1215	781.000000	891.000000	986,288,1213,261,1216,1217,868,869,
1216	817.000000	904.000000	938,1221,1217,1215,261,28,6,
1217	811.000000	886.000000	1215,261,1216,1221,866,868,869,
1218	843.000000	849.000000	1219,1048,53,182,867,866,1221,1220,
1219	863.000000	857.000000	1218,1221,1220,213,1048,53,182,
1220	861.000000	878.000000	938,865,962,213,1048,1219,1218,1221,
1221	838.000000	878.000000	938,865,1220,1219,1218,866,868,1217,1216,
1222	567.000000	884.000000	360,1223,1362,70,424,492,1027,
1223	549.000000	869.000000	360,1224,314,960,121,1362,70,1222,
1224	565.000000	843.000000	360,311,377,963,314,1223,
1225	806.000000	730.000000	1227,539,800,255,383,1226,35,
1226	830.000000	735.000000	876,35,1225,383,257,1229,
1227	804.000000	704.000000	1228,539,800,1225,35,
1228	815.000000	686.000000	1227,35,794,793,223,539,
1229	849.000000	744.000000	876,1226,383,257,146,1322,512,
1230	892.000000	806.000000	476,1327,861,1231,53,1048,862,
1231	869.000000	796.000000	1230,861,146,203,1047,53,
1232	159.000000	697.000000	1283,1275,491,149,98,516,113,
1233	60.000000	666.000000	209,283,391,196,1281,1276,
1234	31.000000	579.000000	654,901,507,1244,1243,653,655,
1235	120.000000	541.000000	1044,1022,1043,659,1236,1045,405,
1236	94.000000	534.000000	657,1081,656,1045,1235,1043,659,
1237	110.000000	456.000000	1079,323,1078,341,658,1238,
1238	77.000000	444.000000	1079,1237,658,621,620,1239,49,
1239	47.000000	445.000000	620,181,1240,1076,49,1238,
1240	26.000000	448.000000	1075,1076,49,1239,620,181,857,
1241	36.000000	509.000000	1081,1080,1076,630,652,34,1242,
1242	40.000000	537.000000	1081,1241,34,653,1243,656,
1243	45.000000	559.000000	1081,1242,34,653,1234,1244,656,
1244	68.000000	570.000000	1234,507,353,810,1045,656,1243,
1245	608.000000	97.000000	504,681,1296,1180,390,679,682,297,
1246	664.000000	74.000000	1370,1247,573,504,297,
1247	690.000000	65.000000	1104,573,1246,1370,1371,400,305,
1248	764.000000	89.000000	419,441,1249,685,1320,584,
1249	753.000000	123.000000	1248,441,259,4,685,
1250	956.000000	70.000000	1196,578,195,1428,967,582,1441,583,
1251	497.000000	460.000000	1465,1466,1349,1474,1473,1421,
1252	390.000000	457.000000	1057,1253,1058,127,1493,1413,
1253	358.000000	448.000000	1057,767,15,1059,1058,1252,
1254	972.000000	415.000000	1256,1255,1111,749,404,
1255	948.000000	408.000000	748,1034,1111,1254,1256,750,494,
1256	974.000000	388.000000	740,532,750,494,1255,1254,404,
1257	774.000000	604.000000	1172,334,1332,1333,1210,1330,1331,
1258	759.000000	559.000000	762,1332,334,1166,1259,20,517,
1259	777.000000	539.000000	1173,20,517,1258,1166,1260,
1260	805.000000	547.000000	1263,1262,1173,1259,1166,1167,1264,
1261	838.000000	524.000000	110,529,480,756,1262,1263,
1262	816.000000	519.000000	1261,756,1174,1173,1260,1263,
1263	826.000000	545.000000	110,1261,1262,1260,1264,1168,
1264	828.000000	570.000000	110,1263,1260,1166,1167,763,1265,1168,
1265	861.000000	585.000000	1266,1168,1264,763,1267,
1266	893.000000	578.000000	1009,510,858,1169,1168,1265,1267,
1267	872.000000	607.000000	1268,1170,1009,1266,1265,763,
1268	851.000000	637.000000	1269,1170,1267,763,1171,1160,794,1161,
1269	884.000000	658.000000	170,137,1162,1170,1268,1161,
1270	213.000000	458.000000	1042,1271,1295,243,84,661,
1271	192.000000	471.000000	1077,670,1273,1295,1270,661,1042,
1272	234.000000	499.000000	310,253,772,243,1295,1273,
1273	198.000000	504.000000	1271,670,31,777,310,1272,1295,
1274	100.000000	734.000000	1287,1286,1285,1284,1283,1282,
1275	143.000000	712.000000	440,491,1232,1283,1284,
1276	71.000000	647.000000	1279,1277,209,1233,196,1281,
1277	55.000000	624.000000	1279,353,507,901,812,209,1276,
1278	115.000000	618.000000	158,811,810,353,1279,350,1055,
1279	94.000000	630.000000	1278,810,353,1277,1276,1281,350,
1280	125.000000	659.000000	1281,813,202,113,1055,350,
1281	97.000000	658.000000	1279,1276,1233,196,813,202,1280,350,
1282	81.000000	704.000000	1274,1283,813,196,391,903,1287,
1283	120.000000	706.000000	1274,1284,1275,1232,813,1282,
1284	128.000000	735.000000	440,1275,1283,1274,1285,269,
1285	101.000000	756.000000	501,269,1284,1274,1286,1288,907,
1286	75.000000	754.000000	902,256,1288,1285,1274,1287,
1287	72.000000	726.000000	902,1286,1274,1282,903,
1288	74.000000	776.000000	902,256,1293,1289,907,1285,1286,
1289	84.000000	801.000000	134,907,1288,1293,1292,908,1291,
1290	104.000000	843.000000	371,370,134,1291,908,910,909,
1291	94.000000	824.000000	134,907,1289,1292,908,910,1290,370,
1292	64.000000	816.000000	1291,1289,1293,1294,988,910,908,
1293	47.000000	798.000000	1292,1289,1288,256,185,918,1294,
1294	33.000000	830.000000	0,988,1292,1293,918,364,
1295	216.000000	482.000000	1271,1273,1272,243,1270,
1296	585.000000	90.000000	1245,681,176,1305,1179,1180,390,
1297	381.000000	522.000000	222,366,1298,1496,1447,
1298	382.000000	542.000000	1447,1297,366,1300,1301,1450,1448,1496,
1299	330.000000	524.000000	1300,366,308,783,61,1209,459,
1300	347.000000	550.000000	459,806,781,786,1301,1298,366,1299,
1301	379.000000	566.000000	1300,786,1451,1450,1298,
1302	472.000000	93.000000	671,91,1176,1309,1308,1303,
1303	506.000000	93.000000	671,1302,1308,1307,1306,1304,672,
1304	534.000000	87.000000	1303,1306,1179,1305,1183,672,
1305	560.000000	85.000000	1296,176,1183,1304,1179,1180,
1306	530.000000	113.000000	1303,1307,1177,1179,1304,
1307	510.000000	126.000000	1303,1308,345,379,1177,1306,
1308	484.000000	113.000000	638,345,1307,1303,1302,1309,300,
1309	447.000000	105.000000	300,1308,1302,1176,108,425,610,
1310	419.000000	161.000000	1311,610,605,609,637,640,
1311	441.000000	152.000000	638,300,610,1310,640,1312,
1312	468.000000	176.000000	638,1311,640,1313,1314,1315,421,
1313	462.000000	208.000000	1382,1384,1314,1312,640,639,
1314	486.000000	206.000000	1315,1312,1313,1384,543,
1315	499.000000	186.000000	1314,543,673,379,421,1312,
1316	814.000000	107.000000	1318,1320,685,324,697,992,1317,
1317	833.000000	88.000000	1316,992,458,80,386,1319,1318,
1318	811.000000	82.000000	1316,992,1317,386,1319,396,584,1320,
1319	818.000000	53.000000	576,396,1318,1317,386,27,118,
1320	785.000000	93.000000	1316,1318,396,584,1248,685,324,
1321	923.000000	758.000000	130,369,271,1322,861,1327,381,33,
1322	887.000000	752.000000	1321,271,512,1229,146,861,
1323	993.000000	805.000000	821,1325,1324,339,820,
1324	972.000000	815.000000	132,339,1323,1325,1326,327,
1325	967.000000	790.000000	33,381,1326,327,1324,1323,820,821,
1326	936.000000	804.000000	476,363,327,1324,1325,381,1327,
1327	914.000000	796.000000	1230,476,1326,381,861,
1328	994.000000	496.000000	1109,1175,759,751,
1329	736.000000	633.000000	1210,1333,1334,1399,792,112,1330,
1330	768.000000	637.000000	1210,1329,792,231,112,223,1331,1257,
1331	789.000000	640.000000	793,1172,1257,1210,1330,112,223,
1332	753.000000	576.000000	762,1358,1359,1333,1257,334,1166,1258,
1333	741.000000	599.000000	762,1359,1334,1329,1210,1257,1332,
1334	719.000000	612.000000	1359,1397,1398,1399,1329,1210,1333,
1335	314.000000	204.000000	1032,631,634,635,1340,128,
1336	340.000000	361.000000	768,148,1395,1492,667,293,
1337	235.000000	558.000000	513,310,777,776,307,165,
1338	344.000000	141.000000	608,1029,606,607,599,1339,1340,
1339	332.000000	154.000000	607,599,128,1340,1029,
1340	341.000000	178.000000	608,1338,1339,128,1335,635,1341,
1341	359.000000	187.000000	608,1340,635,111,636,
1342	726.000000	991.000000	204,292,984,1343,1361,
1343	709.000000	956.000000	1114,1361,204,1342,984,937,1214,1344,930,124,
1344	699.000000	933.000000	1114,1343,937,1214,478,520,930,124,
1345	539.000000	554.000000	1482,1409,1436,1433,
1346	564.000000	359.000000	1000,1002,998,1347,
1347	543.000000	343.000000	1346,998,999,1348,
1348	521.000000	332.000000	976,1347,999,
1349	511.000000	477.000000	1445,1474,1473,1251,1466,
1350	512.000000	587.000000	1482,1433,1434,1008,205,
1351	616.000000	417.000000	1418,1419,1420,1352,1404,1401,1487,
1352	629.000000	439.000000	1353,1404,1401,1351,1420,
1353	644.000000	464.000000	1486,1404,1352,1420,1479,1354,
1354	659.000000	481.000000	1486,1353,1407,
1355	679.000000	528.000000	1408,1356,1357,
1356	689.000000	548.000000	1358,306,1357,1355,1006,
1357	711.000000	520.000000	1408,1355,1356,306,517,1483,79,
1358	716.000000	563.000000	762,306,1356,1006,1359,1332,
1359	720.000000	589.000000	762,1358,1006,1397,1334,1333,1332,
1360	963.000000	461.000000	1109,751,749,1111,1110,1108,
1361	704.000000	977.000000	1114,384,204,1342,984,1343,
1362	533.000000	895.000000	121,943,1363,54,26,424,70,1222,1223,
1363	497.000000	897.000000	121,943,358,129,925,966,26,54,1362,
1364	424.000000	817.000000	1141,434,894,143,280,1365,499,896,
1365	413.000000	848.000000	349,499,896,1364,280,242,198,
1366	773.000000	496.000000	1146,1484,1483,20,1173,1174,1367,
1367	795.000000	470.000000	1146,1366,1174,756,1369,393,1368,
1368	796.000000	454.000000	1146,1367,1369,83,393,
1369	834.000000	465.000000	1368,1367,756,480,126,7,83,
1370	674.000000	94.000000	684,1371,1247,1246,297,
1371	695.000000	101.000000	1370,684,1031,77,400,1247,
1372	100.000000	25.000000	495,553,406,551,
1373	69.000000	207.000000	446,611,422,590,
1374	662.000000	981.000000	1114,124,985,1375,836,835,384,
1375	636.000000	975.000000	1376,472,836,835,1374,124,985,
1376	619.000000	960.000000	1116,1115,472,836,1375,985,935,285,
1377	834.000000	389.000000	455,746,477,41,744,745,413,151,
1378	567.000000	7.000000	1182,680,1379,568,
1379	590.000000	2.000000	1089,570,1378,680,
1380	804.000000	197.000000	318,236,179,95,710,709,
1381	791.000000	159.000000	236,697,324,4,342,179,
1382	446.000000	243.000000	549,1384,1313,639,1383,542,764,
1383	427.000000	232.000000	1382,639,641,527,645,542,
1384	477.000000	230.000000	549,1003,974,1314,1313,1382,
1385	214.000000	141.000000	1187,1185,1389,1190,1188,1387,1386,
1386	221.000000	175.000000	245,1187,1385,1387,325,598,
1387	202.000000	166.000000	591,594,325,1386,1385,1188,
1388	166.000000	143.000000	1193,1085,1498,142,591,1188,
1389	216.000000	114.000000	1189,1416,1190,1188,1385,1187,1185,
1390	246.000000	66.000000	1189,528,428,250,1416,
1391	247.000000	24.000000	556,511,555,284,63,250,428,
1392	586.000000	306.000000	972,1393,999,998,1002,995,
1393	569.000000	279.000000	971,970,994,999,1392,972,
1394	428.000000	304.000000	1439,765,542,1489,
1395	380.000000	362.000000	1438,1491,1492,1336,148,445,766,
1396	419.000000	395.000000	1414,1411,1410,1437,766,
1397	693.000000	599.000000	1359,1006,1398,1334,
1398	686.000000	618.000000	1334,1397,487,537,1399,
1399	709.000000	639.000000	801,792,1329,1334,1398,537,
1400	190.000000	379.000000	662,42,660,1041,1040,1039,
1401	634.000000	411.000000	1487,1351,1352,1404,1402,1403,
1402	662.000000	404.000000	1401,1404,754,432,721,1403,
1403	645.000000	379.000000	997,1487,1401,1402,721,1001,
1404	648.000000	431.000000	1486,754,1402,1401,1351,1352,1353,
1405	704.000000	453.000000	1486,1407,79,1485,1406,754,
1406	710.000000	430.000000	1405,1485,522,753,432,754,
1407	689.000000	484.000000	1408,79,1405,1486,1354,
1408	691.000000	506.000000	1357,79,1407,1355,
1409	552.000000	574.000000	1482,1198,791,1345,
1410	442.000000	396.000000	1396,1411,1437,
1411	435.000000	428.000000	1413,1412,1410,1396,1414,
1412	440.000000	454.000000	1465,1411,1413,1493,1432,
1413	411.000000	449.000000	1057,1252,127,1493,1412,1411,1414,
1414	405.000000	414.000000	1057,1413,1411,1396,766,1415,
1415	370.000000	407.000000	1057,1414,766,445,148,189,767,
1416	217.000000	85.000000	1189,1390,250,1157,1191,1190,1389,1185,
1417	46.000000	32.000000	1499,1442,558,495,107,183,482,488,
1418	586.000000	410.000000	1487,1000,1419,1351,
1419	589.000000	444.000000	1418,1475,1420,1351,
1420	613.000000	455.000000	1353,1352,1351,1419,1475,1479,
1421	485.000000	423.000000	1423,1422,1465,1251,1473,
1422	490.000000	403.000000	1423,1421,1424,
1423	510.000000	394.000000	1421,1424,1472,1422,
1424	524.000000	411.000000	1423,1422,1473,1472,
1425	353.000000	773.000000	1426,892,150,891,153,893,
1426	335.000000	788.000000	1053,892,1425,153,893,502,922,352,
1427	803.000000	268.000000	711,102,274,713,712,
1428	951.000000	97.000000	703,287,138,967,582,1441,1250,195,702,
1429	996.000000	637.000000	795,796,818,275,
1430	638.000000	777.000000	30,874,900,38,1118,541,344,871,178,
1431	387.000000	629.000000	790,453,481,787,785,218,788,
1432	449.000000	472.000000	1494,1466,1465,1412,1493,1446,
1433	505.000000	558.000000	1469,1434,1350,1482,1345,1436,1435,
1434	487.000000	583.000000	1469,1470,1471,1008,1350,1433,
1435	495.000000	534.000000	1469,1433,1436,1445,1467,1468,
1436	516.000000	531.000000	1433,1345,1445,1435,
1437	423.000000	370.000000	1438,766,1396,1410,
1438	404.000000	348.000000	1439,1491,1395,766,1437,
1439	407.000000	315.000000	646,1491,1438,1394,1489,
1440	996.000000	75.000000	1441,582,93,583,
1441	975.000000	72.000000	1196,1250,1428,967,582,1440,583,
1442	48.000000	50.000000	1417,482,1499,488,559,498,558,495,
1443	890.000000	207.000000	726,727,708,728,
1444	200.000000	804.000000	382,508,109,294,375,1024,462,906,
1445	507.000000	503.000000	1349,1466,1467,1435,1436,
1446	428.000000	497.000000	1494,1432,1493,127,1447,1496,1495,
1447	403.000000	509.000000	222,1297,1298,1496,1446,127,
1448	421.000000	547.000000	1497,1495,1496,1298,1450,1449,1470,
1449	426.000000	575.000000	1004,1470,1497,1448,1450,1451,
1450	399.000000	563.000000	1451,1449,1448,1298,1301,
1451	395.000000	588.000000	785,787,481,1449,1450,1301,786,
1452	606.000000	616.000000	1453,791,1458,1460,1457,805,1007,1455,
1453	592.000000	592.000000	1454,791,1452,1455,
1454	607.000000	571.000000	1453,1455,
1455	621.000000	586.000000	1453,1452,1007,1454,
1456	696.000000	753.000000	30,296,85,262,1212,1211,
1457	613.000000	646.000000	1203,103,805,1452,1460,
1458	575.000000	630.000000	804,1460,1452,791,1198,1459,
1459	539.000000	633.000000	320,1199,1200,804,1458,1198,205,
1460	587.000000	649.000000	1203,1457,1452,1458,804,1197,1204,
1461	98.000000	392.000000	1130,621,622,21,619,1128,
1462	352.000000	318.000000	647,666,667,1492,1491,646,1463,
1463	349.000000	293.000000	1462,646,1490,643,647,
1464	170.000000	24.000000	447,175,554,552,59,1184,171,
1465	468.000000	459.000000	1421,1412,1432,1466,1251,
1466	480.000000	483.000000	1494,1467,1445,1349,1251,1465,1432,
1467	478.000000	511.000000	1494,1495,1468,1435,1445,1466,
1468	470.000000	538.000000	1469,1435,1467,1495,1497,
1469	475.000000	557.000000	1434,1433,1435,1468,1495,1497,1470,
1470	449.000000	574.000000	1469,1497,1448,1449,1004,1471,1434,
1471	468.000000	603.000000	1434,1470,1004,1005,429,1008,
1472	535.000000	388.000000	1423,1424,
1473	513.000000	437.000000	1349,1474,1424,1421,1251,
1474	533.000000	458.000000	1349,1473,1251,
1475	590.000000	473.000000	1476,1479,1420,1419,
1476	588.000000	502.000000	1481,1477,1478,1479,1475,
1477	603.000000	519.000000	1480,1478,1479,1476,1481,
1478	621.000000	508.000000	1480,1479,1476,1477,
1479	612.000000	487.000000	1476,1477,1478,1353,1420,1475,
1480	617.000000	530.000000	1478,1477,
1481	567.000000	511.000000	1476,1477,
1482	530.000000	576.000000	205,1198,1409,1345,1433,1350,
1483	735.000000	505.000000	1357,306,517,20,1366,1484,79,
1484	746.000000	480.000000	1146,755,1485,79,1483,1366,
1485	727.000000	457.000000	1405,79,1484,755,522,1406,
1486	673.000000	452.000000	1353,1354,1407,1405,754,1404,
1487	613.000000	389.000000	997,1488,1000,1418,1351,1401,1403,
1488	606.000000	360.000000	997,996,1002,1000,1487,
1489	403.000000	276.000000	646,1439,1394,542,645,644,1490,
1490	371.000000	278.000000	646,1489,644,643,1463,
1491	377.000000	324.000000	646,667,1492,1395,1438,1439,
1492	359.000000	351.000000	1462,667,1336,148,445,1395,1491,
1493	416.000000	470.000000	1413,127,1446,1432,1412,
1494	452.000000	500.000000	1446,1495,1467,1466,1432,
1495	451.000000	528.000000	1494,1446,1496,1448,1497,1469,1468,1467,
1496	415.000000	523.000000	1447,1297,1298,1448,1495,1446,
1497	445.000000	551.000000	1469,1468,1495,1448,1449,1470,
1498	145.000000	151.000000	1193,1085,588,589,301,591,142,1388,
1499	45.000000	51.000000	1417,482,488,559,498,558,1442,495,
