30.0 860.0 0.32134000000007745
221.0 896.0 0.316159999999968
21.0 965.0 0.3351790000000392
147.0 951.0 0.3177500000000464
766.0 139.0 4.625188999999978
916.0 9.0 0.33125300000006064
831.0 924.0 4.622577999999976
854.0 431.0 4.796644000000015
983.0 906.0 4.749608999999964
501.0 22.0 3.784577000000013
890.0 407.0 4.705774000000019
750.0 701.0 4.826935999999932
982.0 242.0 4.227500999999961
64.0 96.0 4.615406000000007
943.0 684.0 4.604426999999987
337.0 431.0 4.788542000000007
43.0 374.0 0.33245099999999184
48.0 973.0 0.31261399999993955
679.0 282.0 4.832852000000003
989.0 978.0 4.597013999999945
764.0 520.0 4.826369
119.0 382.0 4.606890000000021
218.0 330.0 4.764904000000001
757.0 298.0 4.841281999999978
356.0 952.0 0.3233390000000327
583.0 750.0 4.741514999999936
515.0 930.0 0.3118969999999308
839.0 41.0 0.3311979999999721
799.0 927.0 4.768506000000002
552.0 958.0 0.3120819999999185
676.0 766.0 4.7859529999999495
186.0 518.0 4.407157999999981
540.0 772.0 4.718504000000053
943.0 764.0 4.7578620000000456
22.0 528.0 0.32986700000003566
829.0 706.0 4.797055
615.0 874.0 4.57220899999993
488.0 841.0 4.567859999999996
619.0 784.0 4.74841200000003
184.0 937.0 0.3104150000000345
847.0 268.0 4.756786000000034
838.0 360.0 4.774795999999924
169.0 351.0 4.617023000000017
395.0 786.0 3.636971000000017
353.0 702.0 4.73252100000002
921.0 237.0 4.623053000000027
705.0 370.0 4.8434089999999514
319.0 913.0 0.3359219999999823
280.0 915.0 0.3175069999999778
60.0 465.0 0.3209510000000364
998.0 991.0 4.595631000000026
449.0 752.0 4.730052999999998
337.0 18.0 4.603221000000076
871.0 823.0 4.790379999999914
518.0 912.0 0.3231159999999136
514.0 5.0 0.32990700000004836
714.0 153.0 4.713655000000017
766.0 805.0 4.786648000000014
307.0 983.0 0.317525000000046
150.0 43.0 4.614482000000066
231.0 275.0 4.776385000000005
309.0 512.0 4.779255000000035
735.0 7.0 0.3310950000000048
210.0 37.0 4.606472000000053
428.0 887.0 0.33542499999998654
565.0 717.0 4.7745100000000775
933.0 293.0 4.62327700000003
19.0 764.0 0.3213660000000118
923.0 539.0 4.601494000000002
764.0 942.0 4.764361000000008
553.0 904.0 2.837399000000005
388.0 98.0 4.75902700000006
917.0 264.0 4.624299999999948
329.0 620.0 4.738489999999956
563.0 736.0 4.745383000000061
854.0 176.0 4.6243899999999485
700.0 682.0 4.825416000000018
712.0 115.0 4.62305200000003
118.0 898.0 0.3357409999999845
712.0 491.0 4.819597000000044
862.0 87.0 0.3313479999999345
304.0 600.0 4.735453000000007
684.0 356.0 4.837215000000015
826.0 438.0 4.78483899999992
230.0 437.0 4.759517999999957
713.0 749.0 4.806294999999977
980.0 679.0 4.590745999999967
27.0 717.0 0.33220200000005207
44.0 144.0 4.610584000000017
424.0 956.0 0.3118760000000975
680.0 674.0 4.819997999999941
471.0 59.0 4.764860999999996
493.0 961.0 0.3117960000000721
996.0 113.0 0.3226070000000618
757.0 39.0 0.3311719999999241
794.0 218.0 4.738024999999993
926.0 277.0 4.617383000000018
149.0 64.0 4.621073000000024
195.0 706.0 0.006007000000067819
335.0 957.0 0.3174410000000307
156.0 927.0 0.31042200000001685
230.0 936.0 0.3176979999999503
764.0 263.0 4.799825999999939
652.0 652.0 4.802389999999946
939.0 982.0 4.612704000000008
522.0 674.0 4.780366000000072
127.0 302.0 4.696305000000052
64.0 7.0 4.604906999999912
427.0 76.0 4.778575000000046
184.0 824.0 0.010198999999943226
852.0 541.0 4.7617159999999785
366.0 225.0 4.807627000000025
766.0 656.0 4.829759000000081
160.0 660.0 0.006114000000025044
395.0 999.0 0.33562500000005
101.0 161.0 4.615038000000027
36.0 343.0 0.32087300000000596
41.0 283.0 4.4133600000000115
822.0 19.0 0.3313380000000734
847.0 965.0 4.765231999999969
139.0 980.0 0.3177570000000287
516.0 877.0 3.98953999999992
418.0 53.0 4.713938999999982
24.0 924.0 0.3215460000000121
670.0 955.0 4.376428999999916
11.0 393.0 0.3254829999999629
858.0 463.0 4.7652120000000195
392.0 483.0 4.793051999999989
313.0 183.0 4.7853000000000065
470.0 898.0 0.3116669999999431
953.0 744.0 4.754892000000041
348.0 651.0 4.745357000000013
968.0 847.0 4.753539000000046
913.0 452.0 4.292674999999917
112.0 817.0 0.3124490000000151
27.0 741.0 0.3321809999999914
196.0 594.0 4.635590999999977
921.0 667.0 4.692394000000036
963.0 129.0 2.882013000000029
630.0 717.0 4.783272000000011
161.0 546.0 0.006181999999967047
249.0 786.0 0.004887000000053376
147.0 151.0 4.619636000000014
406.0 799.0 0.006337000000030457
662.0 176.0 4.803342000000043
391.0 747.0 4.608171000000084
858.0 773.0 4.793517000000065
86.0 344.0 4.412847000000056
354.0 378.0 4.797560999999973
187.0 723.0 0.005607000000054541
381.0 769.0 4.022002000000043
828.0 412.0 4.784583999999995
700.0 817.0 4.79100399999993
338.0 768.0 3.2529100000000426
964.0 683.0 4.599298999999974
995.0 932.0 4.748172000000068
216.0 659.0 4.060002000000054
512.0 761.0 4.734733000000006
149.0 612.0 0.006025000000022374
791.0 806.0 4.791037999999958
272.0 401.0 4.781119999999987
210.0 906.0 0.31613800000002357
288.0 437.0 4.792779999999993
788.0 307.0 4.793733999999972
778.0 969.0 4.761782999999923
256.0 590.0 4.727025000000026
643.0 242.0 4.8437020000000075
30.0 111.0 4.60952599999996
837.0 312.0 4.796300999999971
337.0 989.0 0.3174370000000408
887.0 681.0 4.772558000000004
180.0 46.0 4.616304000000014
102.0 281.0 4.610488000000032
868.0 53.0 0.3312379999999848
955.0 260.0 4.613704999999982
184.0 11.0 4.599736000000007
580.0 64.0 4.747055000000046
391.0 725.0 4.726440000000025
659.0 787.0 4.773257999999942
791.0 179.0 4.673325999999975
96.0 66.0 4.617287000000033
22.0 422.0 0.3318540000000212
841.0 830.0 4.778911999999991
29.0 8.0 4.576972999999953
261.0 776.0 0.010020000000054097
19.0 782.0 0.32987100000002556
2.0 11.0 4.607429999999908
961.0 177.0 4.227463999999941
144.0 344.0 4.613660999999979
337.0 410.0 4.79888399999993
998.0 25.0 0.33105000000000473
623.0 204.0 4.831942000000026
309.0 850.0 0.005361999999990985
570.0 798.0 4.701385999999957
572.0 183.0 4.826787000000081
931.0 89.0 0.3227759999999762
74.0 684.0 0.32969100000002527
349.0 976.0 0.3355890000000272
387.0 873.0 0.3227470000000494
733.0 861.0 4.780046999999968
772.0 379.0 4.8051439999999275
883.0 369.0 4.714079999999967
129.0 680.0 0.3209190000000035
834.0 793.0 4.800324000000046
701.0 995.0 4.182321999999999
528.0 612.0 4.785916000000043
912.0 67.0 0.33149700000001303
254.0 270.0 4.77369699999997
174.0 270.0 4.73445300000003
36.0 652.0 0.3254140000000234
148.0 399.0 4.6085990000000265
87.0 991.0 0.3213550000000396
961.0 220.0 4.612826000000041
892.0 864.0 4.781070999999997
277.0 853.0 0.004949000000010528
322.0 3.0 4.608973999999989
486.0 994.0 0.3354339999999638
305.0 452.0 4.784999999999968
364.0 623.0 4.751923000000033
431.0 660.0 4.749188000000004
941.0 935.0 4.763838999999962
937.0 316.0 4.62360799999999
377.0 500.0 4.799533999999994
781.0 671.0 4.8270820000000185
922.0 341.0 4.682201999999961
910.0 504.0 4.6035009999999374
533.0 728.0 4.7397940000000744
564.0 988.0 0.31166799999994055
611.0 830.0 4.734676000000036
298.0 304.0 4.792393999999945
740.0 269.0 4.831257999999934
763.0 673.0 4.825779000000011
722.0 792.0 4.803058999999962
458.0 6.0 1.0448659999999563
495.0 673.0 4.753941000000054
106.0 976.0 0.3151020000000244
821.0 171.0 4.627339000000006
232.0 916.0 0.30877799999996114
162.0 992.0 0.3104090000000497
308.0 273.0 4.794749000000024
258.0 382.0 4.784935000000019
377.0 925.0 0.32314900000005764
383.0 854.0 0.006572000000005573
243.0 467.0 4.74222199999997
759.0 730.0 4.8167700000000195
248.0 174.0 4.746495000000095
890.0 997.0 4.61160899999993
211.0 970.0 0.31761600000004364
435.0 918.0 0.3356340000000273
985.0 285.0 3.458735000000047
226.0 49.0 4.614502000000016
931.0 14.0 0.3115709999999581
887.0 252.0 4.627189000000044
264.0 525.0 4.7412440000000515
950.0 349.0 4.4192299999999705
773.0 749.0 4.8169829999999365
42.0 775.0 0.3298330000000078
836.0 765.0 4.802565000000072
287.0 637.0 4.734426999999982
733.0 138.0 4.678978000000029
713.0 861.0 4.77777500000002
787.0 916.0 4.622180999999955
708.0 715.0 4.810688000000027
328.0 886.0 0.2951389999999492
781.0 939.0 4.765078999999901
936.0 919.0 4.619376999999986
993.0 149.0 0.31599500000004355
185.0 330.0 4.704775999999924
940.0 890.0 4.751277999999957
135.0 768.0 0.3101090000000113
689.0 854.0 4.730002000000013
909.0 735.0 4.764214000000038
290.0 594.0 4.73529300000007
813.0 784.0 4.804527000000007
783.0 288.0 4.794569000000024
991.0 615.0 0.3284449999999879
195.0 752.0 0.005790000000047257
256.0 406.0 4.776257999999984
390.0 700.0 4.7440070000000105
138.0 496.0 0.0058530000000018845
392.0 819.0 0.00661200000001827
943.0 948.0 4.615987999999902
117.0 234.0 4.613683000000037
32.0 689.0 0.32985500000006596
225.0 7.0 4.616789999999924
602.0 931.0 4.567467999999963
245.0 814.0 0.004927999999949861
941.0 126.0 4.034375999999952
755.0 895.0 4.7364129999999705
190.0 212.0 4.7340860000000475
489.0 820.0 4.410488999999984
492.0 998.0 0.3354389999999512
747.0 993.0 4.569535999999971
318.0 355.0 4.796324000000027
213.0 833.0 0.00550399999997353
169.0 595.0 0.00590799999997671
695.0 783.0 4.785165000000006
644.0 98.0 4.503652000000102
325.0 100.0 4.788421000000085
762.0 411.0 4.8280280000000175
451.0 128.0 4.768926000000079
147.0 183.0 4.72797700000001
894.0 133.0 4.228375000000028
360.0 897.0 0.3117660000000342
64.0 944.0 0.31801800000005187
717.0 62.0 0.3311429999999973
719.0 541.0 4.8240520000000515
230.0 594.0 4.644935000000032
348.0 494.0 4.788927000000058
410.0 1.0 4.58733600000005
229.0 521.0 4.725059999999985
583.0 841.0 4.573450999999977
138.0 223.0 4.614990000000034
153.0 823.0 0.005493999999998778
543.0 843.0 4.571089999999913
618.0 913.0 4.568940999999995
961.0 971.0 4.605725000000007
431.0 17.0 4.586669000000029
827.0 186.0 4.6275249999999915
917.0 694.0 4.759969000000069
499.0 631.0 4.781861000000049
999.0 335.0 0.33360400000003665
271.0 825.0 0.005649999999945976
111.0 487.0 0.32081300000004376
799.0 123.0 4.622017000000028
209.0 193.0 4.764788000000067
888.0 923.0 4.7589269999999715
955.0 820.0 4.620404000000008
39.0 921.0 0.32152700000006007
129.0 962.0 0.317957999999976
14.0 129.0 4.416227000000049
255.0 925.0 0.31770800000003874
334.0 924.0 0.33592799999996714
57.0 989.0 0.31025499999998374
785.0 588.0 4.811203999999975
56.0 915.0 0.3129830000000311
301.0 247.0 4.784402
738.0 223.0 4.7871939999999995
490.0 764.0 4.736938000000009
995.0 826.0 4.599458000000027
758.0 962.0 4.75971299999992
138.0 435.0 4.412645999999995
766.0 174.0 4.686882999999966
185.0 984.0 0.3176379999999881
638.0 814.0 4.742662999999993
488.0 141.0 4.797511999999983
222.0 225.0 4.763232000000016
5.0 32.0 4.608750999999984
975.0 595.0 0.3227479999999332
404.0 874.0 0.32275400000003174
117.0 636.0 0.3251220000000785
122.0 932.0 0.33568400000001475
323.0 808.0 0.005837000000042281
88.0 604.0 0.3255430000000388
287.0 961.0 0.3235290000000077
420.0 764.0 4.645220999999992
898.0 532.0 4.715634000000023
612.0 852.0 4.606073000000038
473.0 873.0 0.31172800000001644
501.0 727.0 4.742713999999978
588.0 873.0 4.604371000000015
28.0 198.0 4.607327000000055
453.0 656.0 4.753599000000008
940.0 843.0 4.751451999999972
5.0 831.0 0.32123999999998887
955.0 6.0 0.3108310000000074
354.0 523.0 4.79329400000006
894.0 307.0 4.637445999999954
4.0 312.0 0.3207230000000436
931.0 726.0 4.747410000000059
129.0 826.0 0.32064200000002074
126.0 856.0 0.3123809999999594
549.0 757.0 4.739938000000052
667.0 884.0 4.615966999999955
975.0 714.0 4.593744000000015
222.0 820.0 0.004779999999982465
944.0 161.0 3.843136999999956
587.0 810.0 4.731752000000029
142.0 879.0 0.31025099999999384
517.0 158.0 4.82015100000001
296.0 871.0 0.3082729999999856
933.0 784.0 4.760178999999994
186.0 793.0 0.005096999999977925
815.0 758.0 4.806303000000071
674.0 999.0 3.9896949999999833
251.0 607.0 4.696687999999995
840.0 55.0 0.3312230000000227
815.0 952.0 4.765174999999999
798.0 824.0 4.794786000000045
450.0 770.0 4.6939780000000155
601.0 122.0 4.7681740000000445
46.0 690.0 0.32985200000007353
248.0 229.0 4.762467000000015
804.0 431.0 4.794661000000019
761.0 855.0 4.785338000000024
977.0 891.0 4.7517219999999725
790.0 58.0 0.33119299999998475
157.0 209.0 4.729420000000005
611.0 733.0 4.788080000000036
252.0 716.0 4.059920000000034
720.0 89.0 4.610765000000015
877.0 169.0 4.616669999999999
416.0 939.0 0.33587499999998727
974.0 306.0 3.4586010000000442
994.0 401.0 0.32277699999997367
127.0 570.0 0.3290839999999662
118.0 7.0 4.615996999999993
708.0 330.0 4.851503999999977
178.0 842.0 0.005056999999965228
162.0 424.0 4.609824000000003
773.0 824.0 4.796037999999953
247.0 309.0 4.773637000000008
882.0 494.0 4.722023999999919
805.0 411.0 4.821417999999994
278.0 972.0 0.3160570000000007
737.0 327.0 4.844416999999908
936.0 244.0 4.429638999999952
786.0 405.0 4.798772999999983
876.0 271.0 4.692042000000015
743.0 70.0 0.33110800000008567
863.0 4.0 0.3313180000000102
486.0 164.0 4.818934000000013
87.0 220.0 4.611585999999988
754.0 2.0 0.33128099999998994
559.0 918.0 0.3118009999999458
414.0 104.0 4.784197000000063
876.0 317.0 4.718119999999999
471.0 768.0 4.617925000000014
265.0 44.0 4.614903000000027
479.0 633.0 4.7832859999999755
444.0 880.0 0.33568000000002485
81.0 135.0 4.614765000000034
696.0 402.0 4.841002000000003
25.0 161.0 4.608000000000061
453.0 792.0 4.569989000000078
177.0 638.0 0.005873000000065076
914.0 317.0 4.6849959999999555
187.0 578.0 4.635692000000063
729.0 781.0 4.795419000000038
933.0 582.0 4.680724000000055
148.0 740.0 0.005574000000024171
743.0 103.0 4.421355000000062
264.0 803.0 0.00994900000000598
811.0 993.0 4.612551999999937
977.0 929.0 4.6141249999999445
375.0 385.0 4.7916309999999385
49.0 207.0 4.41537900000003
198.0 3.0 4.599266000000057
879.0 705.0 4.776644000000033
842.0 243.0 4.683357000000001
594.0 997.0 0.31187499999998636
386.0 47.0 4.722423000000049
230.0 769.0 0.0049159999999801585
406.0 641.0 4.746688000000063
339.0 669.0 4.734218000000055
864.0 411.0 4.7275620000000345
542.0 805.0 4.697460999999976
780.0 39.0 0.33117399999991903
855.0 121.0 4.612858999999958
323.0 550.0 4.755320999999981
994.0 189.0 4.610355000000027
448.0 48.0 4.717303000000015
214.0 788.0 0.004371999999989384
369.0 985.0 0.31186300000001665
347.0 731.0 4.648904000000016
363.0 870.0 0.2937249999999949
367.0 829.0 0.0061329999999770735
737.0 831.0 4.776522
2.0 933.0 0.3125270000000455
140.0 317.0 4.613205999999991
514.0 711.0 4.741207000000031
77.0 959.0 0.3180160000000569
612.0 984.0 0.31203899999991336
998.0 558.0 0.3227919999999358
2.0 71.0 4.415525000000002
753.0 392.0 4.833751000000007
924.0 826.0 4.777263000000062
866.0 365.0 4.724154999999996
724.0 902.0 4.722433000000024
163.0 620.0 0.006275000000073305
852.0 496.0 4.731978000000026
410.0 620.0 4.754816000000005
21.0 28.0 4.6095679999999675
318.0 253.0 4.79419299999995
2.0 802.0 0.3212389999999914
967.0 333.0 3.4582209999999804
216.0 636.0 4.444723000000067
668.0 634.0 4.807228000000009
26.0 59.0 4.611069999999927
139.0 284.0 4.614576000000056
962.0 950.0 4.613043999999945
170.0 713.0 0.005908999999974185
583.0 910.0 4.567408
589.0 724.0 4.787097000000017
936.0 386.0 4.484465999999998
77.0 34.0 4.606986000000006
840.0 17.0 0.3313390000000709
243.0 863.0 0.004940000000033251
50.0 76.0 4.614292999999975
434.0 850.0 0.006569000000013148
200.0 915.0 0.3087399999999434
124.0 775.0 0.3208720000000085
315.0 788.0 0.0054179999999632855
4.0 696.0 0.32931700000006003
639.0 74.0 4.502138000000059
289.0 831.0 0.010163000000034117
983.0 21.0 0.29701299999999264
62.0 601.0 0.32925600000010036
165.0 805.0 0.005365999999980886
233.0 411.0 4.74527999999998
921.0 606.0 4.604201999999987
272.0 1.0 4.60302999999999
886.0 730.0 4.773638000000005
253.0 551.0 4.70274900000004
909.0 925.0 4.769232999999986
267.0 463.0 4.776212999999984
182.0 675.0 0.006090999999969426
743.0 533.0 4.8249510000000555
660.0 295.0 4.845664000000056
651.0 697.0 4.799268999999981
707.0 914.0 4.7246869999999035
548.0 936.0 0.3358289999999897
735.0 425.0 4.808345000000031
6.0 108.0 4.607701999999904
854.0 226.0 4.675882000000001
886.0 115.0 4.419499999999971
266.0 666.0 4.650974000000019
388.0 234.0 4.802050000000008
267.0 64.0 4.62582000000009
865.0 509.0 4.755292999999938
67.0 890.0 0.3218460000000505
803.0 1.0 0.33134000000006836
982.0 358.0 0.322716000000014
954.0 866.0 4.6206320000000005
259.0 636.0 4.655307999999991
793.0 354.0 4.824855999999954
763.0 200.0 4.768043000000034
684.0 651.0 4.807951000000003
160.0 564.0 0.005942000000004555
782.0 702.0 4.811767000000032
189.0 664.0 0.00623900000005051
631.0 800.0 4.747149000000036
433.0 265.0 4.827581000000009
525.0 198.0 4.841079000000036
609.0 245.0 4.848972000000003
619.0 261.0 4.847649000000047
632.0 282.0 4.840832999999975
641.0 300.0 4.851766999999995
648.0 321.0 4.848735000000033
481.0 259.0 4.843361999999956
487.0 297.0 4.826750000000061
88.0 5.0 4.606871999999953
144.0 12.0 4.617764999999963
116.0 34.0 4.617736000000036
162.0 6.0 4.611383000000046
240.0 6.0 4.603593000000046
283.0 19.0 4.603466000000026
303.0 12.0 4.608654999999999
71.0 55.0 4.614059999999995
27.0 81.0 4.6038919999999735
85.0 76.0 4.61557300000004
127.0 61.0 4.620681999999988
5.0 151.0 4.608180000000061
360.0 6.0 4.59962500000006
379.0 9.0 4.5971020000000635
406.0 29.0 4.767647000000011
484.0 7.0 4.692709000000036
465.0 26.0 4.5760870000000295
541.0 9.0 0.32990700000004836
527.0 34.0 4.69536800000003
628.0 8.0 0.33068100000002687
667.0 2.0 0.33085700000003726
705.0 6.0 0.3308240000000069
653.0 52.0 0.33109799999999723
712.0 31.0 0.3310580000000982
739.0 35.0 0.3310350000000426
802.0 32.0 0.3311469999999872
991.0 1.0 0.331038000000035
939.0 52.0 0.3115010000000211
910.0 36.0 0.3114810000000716
887.0 11.0 0.31159600000000864
875.0 25.0 0.31154300000002877
986.0 94.0 0.3224690000000692
991.0 54.0 0.29711200000008375
775.0 67.0 0.32296599999995124
4.0 177.0 4.606941000000006
42.0 172.0 4.609489000000053
66.0 160.0 4.612582999999972
112.0 143.0 4.61502500000006
122.0 167.0 4.617158000000018
79.0 187.0 4.6115610000000515
177.0 168.0 4.625433000000044
4.0 204.0 4.414150000000063
6.0 230.0 4.605333999999971
184.0 192.0 4.623294999999985
107.0 191.0 4.6136470000000145
266.0 155.0 4.746720000000096
288.0 141.0 4.79158700000005
242.0 202.0 4.74525600000004
308.0 155.0 4.770297000000028
330.0 81.0 4.759525000000053
349.0 93.0 4.74530900000002
400.0 79.0 4.754800000000046
376.0 69.0 4.726654000000053
399.0 123.0 4.7986230000000205
392.0 145.0 4.807111000000077
355.0 119.0 4.754961000000094
321.0 127.0 4.794610000000034
373.0 168.0 4.806073000000083
401.0 167.0 4.786769000000049
427.0 135.0 4.791457000000037
65.0 240.0 4.6089170000000195
30.0 263.0 4.221727999999985
57.0 302.0 4.413883000000055
9.0 344.0 0.32481000000007043
65.0 331.0 4.412376999999992
87.0 305.0 4.414360999999985
111.0 322.0 4.6088680000000295
9.0 367.0 0.32477000000005773
111.0 356.0 4.414749000000029
57.0 424.0 0.320987999999943
86.0 414.0 0.32484099999999216
115.0 408.0 4.605342999999948
147.0 368.0 4.61225300000001
153.0 246.0 4.6164360000000215
208.0 246.0 4.742424000000028
179.0 235.0 4.75309900000002
162.0 301.0 4.619012999999995
195.0 288.0 4.762434999999982
201.0 261.0 4.740521999999942
6.0 484.0 0.3252909999999929
280.0 213.0 4.768078999999943
240.0 246.0 4.7479170000000295
277.0 250.0 4.78259300000002
313.0 224.0 4.785669999999982
348.0 210.0 4.789061000000061
382.0 193.0 4.818846000000008
410.0 190.0 4.810905000000048
471.0 147.0 4.782772000000023
428.0 208.0 4.826681000000008
444.0 189.0 4.826761000000033
403.0 217.0 4.818975000000023
348.0 240.0 4.801160999999979
347.0 266.0 4.810003999999935
379.0 255.0 4.808636999999976
406.0 247.0 4.833875000000035
387.0 300.0 4.814122999999995
325.0 299.0 4.800202000000013
284.0 286.0 4.780403999999976
272.0 304.0 4.78111100000001
225.0 302.0 4.777382999999986
193.0 305.0 4.733208999999988
7.0 514.0 0.329347000000098
9.0 551.0 0.3299610000000257
13.0 591.0 0.32972700000004806
5.0 568.0 0.3300090000000182
71.0 544.0 0.3255860000000439
85.0 505.0 0.3215020000000095
102.0 436.0 0.3207790000000159
110.0 510.0 0.32540400000004865
170.0 384.0 4.6141130000000885
203.0 436.0 4.695946000000049
201.0 360.0 4.763939999999934
266.0 327.0 4.780026000000021
246.0 365.0 4.750852000000009
290.0 331.0 4.791526999999974
319.0 326.0 4.796298999999976
341.0 337.0 4.791795999999977
288.0 380.0 4.793560999999954
292.0 360.0 4.7914579999999205
166.0 486.0 4.220495000000028
486.0 70.0 4.7624980000000505
516.0 66.0 4.751037999999994
519.0 176.0 4.82268600000009
555.0 159.0 4.808337000000051
598.0 188.0 4.827216000000021
590.0 155.0 4.811030999999957
642.0 180.0 4.804160000000024
621.0 165.0 4.791813000000047
618.0 132.0 4.747804000000087
591.0 39.0 3.3485110000000304
600.0 70.0 4.503248000000099
636.0 121.0 4.711410999999998
646.0 148.0 4.750447000000008
665.0 118.0 4.738137000000052
777.0 114.0 4.613768999999934
745.0 165.0 4.67483500000003
737.0 184.0 4.789557999999943
630.0 224.0 4.833736000000044
654.0 205.0 4.820587000000046
672.0 227.0 4.800712999999973
654.0 264.0 4.840954000000011
711.0 241.0 4.824590000000057
699.0 269.0 4.830379999999991
721.0 261.0 4.832636999999977
740.0 246.0 4.8211109999999735
767.0 232.0 4.792217999999934
819.0 138.0 4.6238140000000385
845.0 147.0 4.6222759999999425
874.0 139.0 4.612887999999998
890.0 49.0 0.33147200000007615
889.0 79.0 0.31187999999997373
912.0 88.0 0.32278899999994337
914.0 109.0 3.458313999999973
979.0 158.0 4.610365000000002
998.0 172.0 3.074088999999958
928.0 142.0 4.227245000000039
907.0 152.0 4.234621999999945
898.0 184.0 4.615975999999932
842.0 206.0 4.631686999999943
816.0 223.0 4.71670800000004
792.0 250.0 4.779389000000037
821.0 262.0 4.770936000000006
811.0 289.0 4.755987000000005
677.0 319.0 4.851891000000023
718.0 300.0 4.848353999999972
699.0 296.0 4.839451000000054
717.0 346.0 4.847079000000008
771.0 326.0 4.827709000000027
759.0 354.0 4.832898
740.0 355.0 4.839926999999989
683.0 384.0 4.850369999999998
721.0 385.0 4.841483000000039
800.0 329.0 4.817054999999982
819.0 326.0 4.7589459999999235
844.0 289.0 4.789094999999975
888.0 232.0 4.620182999999997
918.0 207.0 4.621724999999969
871.0 205.0 4.618244000000004
923.0 178.0 4.613257999999973
941.0 196.0 4.613172999999961
938.0 215.0 4.6213410000000295
978.0 199.0 4.227335000000039
991.0 224.0 3.8427460000000337
994.0 264.0 3.842740000000049
965.0 292.0 4.4207830000000286
903.0 284.0 4.6258229999999685
868.0 288.0 4.6973239999999805
871.0 246.0 4.67048299999999
998.0 309.0 0.32308100000000195
998.0 364.0 0.3231379999999717
915.0 365.0 4.683991999999989
888.0 341.0 4.709963000000016
858.0 332.0 4.78750100000002
816.0 358.0 4.786366999999927
804.0 380.0 4.793732999999975
863.0 390.0 4.757345999999984
905.0 385.0 4.682622999999921
920.0 410.0 4.678681999999981
988.0 439.0 0.32296099999996386
959.0 375.0 4.2390080000000125
995.0 460.0 0.322791000000052
885.0 431.0 4.690117999999984
726.0 412.0 4.8398919999999634
683.0 419.0 4.850149999999985
751.0 450.0 4.833344000000011
826.0 489.0 4.790017999999918
933.0 510.0 4.292247999999972
948.0 548.0 4.208105000000046
997.0 526.0 0.3227999999999156
977.0 565.0 0.32316900000000714
882.0 524.0 4.724842999999964
733.0 561.0 4.826733999999988
836.0 606.0 4.778098
455.0 274.0 4.834401000000071
461.0 312.0 4.8010510000000295
395.0 382.0 4.795786000000021
362.0 428.0 4.795524
322.0 384.0 4.798061999999959
303.0 408.0 4.790412999999944
298.0 474.0 4.78880300000003
252.0 429.0 4.777306999999951
259.0 490.0 4.747322000000054
953.0 519.0 0.32312899999999445
971.0 531.0 0.3284479999999803
184.0 549.0 3.643513999999982
216.0 571.0 4.642526999999973
214.0 540.0 4.61104499999999
283.0 492.0 4.754811000000018
282.0 520.0 4.743164999999976
278.0 550.0 4.70894700000008
336.0 581.0 4.743341999999984
288.0 567.0 4.737340000000017
322.0 496.0 4.762651000000005
353.0 600.0 4.7444000000000415
372.0 607.0 4.748479999999972
363.0 585.0 4.755277999999976
400.0 607.0 4.758642000000009
378.0 652.0 4.745746000000054
376.0 679.0 4.709103000000027
401.0 656.0 4.7499030000000175
571.0 601.0 4.787865000000011
734.0 652.0 4.830208999999968
806.0 652.0 4.800385000000006
837.0 673.0 4.803255000000036
964.0 619.0 4.595479999999952
981.0 644.0 4.5884829999999965
954.0 641.0 4.405059999999935
945.0 707.0 4.606623000000013
855.0 698.0 4.79520100000002
786.0 734.0 4.805807999999956
713.0 670.0 4.82651599999997
729.0 697.0 4.808834999999931
735.0 741.0 4.804370999999946
551.0 662.0 4.780390000000011
644.0 628.0 4.80666199999996
318.0 572.0 4.749479000000065
305.0 621.0 4.731195999999954
278.0 609.0 4.737427000000025
139.0 582.0 0.30785900000000765
99.0 592.0 0.3252790000000232
122.0 592.0 0.3251500000000078
32.0 630.0 0.3254510000000437
110.0 687.0 0.32509600000003047
14.0 653.0 0.32559100000003127
239.0 647.0 4.492391999999995
193.0 614.0 3.674890000000005
224.0 614.0 4.445736000000011
997.0 669.0 4.394935999999916
995.0 746.0 4.74694199999999
996.0 781.0 4.601421000000073
977.0 770.0 4.6034310000000005
978.0 745.0 4.600477000000069
998.0 706.0 4.590768999999909
993.0 725.0 4.59215800000004
995.0 850.0 4.601308000000017
991.0 875.0 4.6170470000000705
999.0 893.0 4.6162440000000515
992.0 954.0 4.611529999999902
965.0 999.0 4.603633999999943
924.0 995.0 4.612015999999926
861.0 994.0 4.606691999999953
834.0 999.0 4.612731999999937
771.0 996.0 4.568828999999937
793.0 993.0 4.612695999999914
651.0 998.0 0.3117700000000241
627.0 998.0 0.31880200000000514
564.0 998.0 0.31189599999993334
527.0 999.0 0.3118899999999485
450.0 993.0 0.3115770000000566
415.0 997.0 0.335627000000045
356.0 997.0 0.31703300000003765
316.0 996.0 0.31757900000002337
274.0 989.0 0.31750799999997525
241.0 997.0 0.3148879999999963
194.0 995.0 0.3104090000000497
119.0 999.0 0.3161440000000084
33.0 990.0 0.31757500000003347
16.0 992.0 0.310245000000009
1.0 965.0 0.3316969999999628
4.0 904.0 0.3127789999999777
1.0 855.0 0.33545300000002953
2.0 870.0 0.32152700000006007
2.0 760.0 0.325411000000031
12.0 733.0 0.32552800000007664
6.0 667.0 0.3255890000000363
4.0 615.0 0.3298770000000104
2.0 426.0 0.3290230000000065
919.0 561.0 4.68791699999997
991.0 585.0 0.3357189999999264
949.0 593.0 4.4023030000000745
897.0 773.0 4.783134000000018
902.0 836.0 4.7817589999999655
922.0 866.0 4.754609999999957
913.0 902.0 4.7524479999999585
873.0 896.0 4.766596999999933
823.0 850.0 4.789707999999905
822.0 819.0 4.796112999999991
804.0 863.0 4.769586000000004
777.0 865.0 4.767781999999897
708.0 879.0 4.725852000000032
671.0 796.0 4.774572000000035
666.0 829.0 4.7823589999999285
643.0 849.0 4.7266630000000305
644.0 758.0 4.7841079999999465
679.0 701.0 4.816690999999992
859.0 714.0 4.791227000000049
908.0 712.0 4.76594399999999
490.0 693.0 4.77020600000003
434.0 637.0 4.752136000000064
320.0 673.0 4.700569999999971
296.0 685.0 4.715765000000033
275.0 690.0 4.647662999999966
243.0 677.0 4.444698000000017
222.0 717.0 0.005720999999994092
220.0 742.0 0.005328999999960615
218.0 683.0 4.059992999999963
278.0 770.0 0.005520000000046821
292.0 792.0 0.009916999999973086
327.0 738.0 4.638642000000004
369.0 728.0 4.718068000000017
366.0 746.0 4.601568000000043
357.0 794.0 0.006574999999997999
317.0 762.0 0.005391000000031454
427.0 791.0 4.600900000000024
475.0 797.0 4.571048000000019
442.0 824.0 3.604944000000046
483.0 736.0 4.734740999999985
592.0 767.0 4.741755000000012
569.0 770.0 4.7459949999999935
611.0 755.0 4.750845000000027
28.0 606.0 0.32572800000002644
50.0 752.0 0.329825000000028
55.0 714.0 0.3254140000000234
171.0 746.0 0.005514000000061969
168.0 766.0 0.004914999999982683
191.0 769.0 0.005374000000074375
103.0 788.0 0.31242200000008324
77.0 840.0 0.32145700000000943
99.0 867.0 0.31286099999999806
69.0 851.0 0.3125909999999976
50.0 878.0 0.33239900000000944
33.0 894.0 0.32157100000006267
91.0 904.0 0.33582300000000487
96.0 923.0 0.31304099999999835
171.0 889.0 0.3176369999999906
166.0 851.0 0.0051170000000411164
149.0 908.0 0.3087679999999864
21.0 810.0 0.32138400000008005
253.0 829.0 0.010244999999940774
265.0 907.0 0.31616699999995035
269.0 889.0 0.3085230000000365
310.0 818.0 0.009971999999947911
405.0 919.0 0.323135000000093
386.0 894.0 0.3168279999999868
464.0 917.0 0.32307700000001205
447.0 964.0 0.31690500000001975
473.0 936.0 0.32306000000005497
540.0 974.0 0.33576499999992393
651.0 929.0 4.3762349999999515
681.0 929.0 4.571670999999924
893.0 972.0 4.615812000000005
866.0 949.0 4.766498999999953
805.0 966.0 4.609556999999995
830.0 945.0 4.620108999999957
617.0 935.0 4.56752599999993
740.0 769.0 4.797933999999941
732.0 946.0 4.607295000000022
848.0 905.0 4.775274999999965
829.0 978.0 4.614578999999935
899.0 950.0 4.747721999999953
915.0 951.0 4.61884299999997
959.0 909.0 4.618624999999952
505.0 870.0 3.6052799999999934
468.0 972.0 0.33577500000001237
299.0 888.0 0.3159620000000132
409.0 963.0 0.31185600000003433
434.0 980.0 0.3171580000000631
172.0 965.0 0.3177140000000236
199.0 948.0 0.31629899999995814
175.0 920.0 0.31038999999998396
34.0 948.0 0.3106800000000476
94.0 945.0 0.3166200000000572
200.0 856.0 0.004613999999946827
228.0 852.0 0.004946000000018103
216.0 878.0 0.31758400000001075
189.0 875.0 0.3173950000000332
519.0 975.0 0.33577299999990373
524.0 950.0 0.3117849999999862
518.0 830.0 4.571102999999994
522.0 851.0 4.409321999999975
740.0 678.0 4.815234000000032
898.0 885.0 4.762089999999944
565.0 821.0 4.618102000000022
524.0 784.0 4.73686900000007
378.0 808.0 0.006353999999987536
493.0 924.0 0.33587899999997717
969.0 107.0 0.3315210000000661
527.0 234.0 4.832144000000085
552.0 237.0 4.851610000000051
572.0 253.0 4.84240299999999
591.0 264.0 4.83919800000001
607.0 281.0 4.851608000000056
632.0 325.0 4.841702000000055
504.0 229.0 4.8349210000000085
498.0 274.0 4.836022000000071
513.0 294.0 4.830567000000087
548.0 217.0 4.839076000000091
551.0 190.0 4.832545000000096
601.0 225.0 4.84007100000008
578.0 223.0 4.842175999999995
575.0 199.0 4.833886000000007
870.0 968.0 4.617713999999978
916.0 981.0 4.613947999999937
739.0 969.0 4.571923999999967
641.0 950.0 3.9906949999999597
746.0 873.0 4.760825999999952
145.0 851.0 0.29436199999997825
51.0 853.0 0.3213779999999815
86.0 884.0 0.3218650000000025
151.0 780.0 0.005584999999996398
166.0 327.0 4.74527999999998
832.0 115.0 4.4260490000000345
528.0 268.0 4.847699000000034
549.0 277.0 4.845928000000072
606.0 318.0 4.8456619999999475
619.0 348.0 4.837965999999938
630.0 363.0 4.8345279999999775
563.0 326.0 4.826389000000063
547.0 309.0 4.830286000000001
586.0 372.0 4.808234999999968
661.0 346.0 4.850626000000034
585.0 344.0 4.830180999999925
504.0 247.0 4.842835000000036
439.0 602.0 4.783833999999956
458.0 630.0 4.753995000000032
694.0 578.0 4.823262999999997
631.0 609.0 4.7989880000000085
495.0 611.0 4.781678000000056
895.0 615.0 4.746424000000047
785.0 843.0 4.787724000000026
669.0 851.0 4.717360999999983
649.0 874.0 4.703457999999955
632.0 896.0 4.57075199999997
688.0 893.0 4.617931999999996
664.0 902.0 4.574378999999908
854.0 930.0 4.770570999999904
791.0 772.0 4.811832999999979
766.0 776.0 4.811527999999953
745.0 802.0 4.789691999999945
730.0 812.0 4.798433999999929
710.0 839.0 4.784923999999933
155.0 523.0 3.8350560000000087
132.0 796.0 0.29473300000006475
231.0 797.0 0.009617000000048392
443.0 938.0 0.33561199999996916
454.0 902.0 0.3116340000000264
598.0 892.0 4.602832999999919
273.0 184.0 4.771002000000067
367.0 147.0 4.7779520000000275
379.0 117.0 4.769851000000017
702.0 133.0 4.707507000000078
295.0 186.0 4.762344000000098
773.0 6.0 0.3312549999999419
918.0 427.0 4.485976999999934
273.0 348.0 4.78745200000003
248.0 337.0 4.779558999999949
225.0 354.0 4.77357399999994
233.0 375.0 4.774701999999934
209.0 385.0 4.763284999999996
207.0 405.0 4.750520999999935
182.0 409.0 4.696098000000006
182.0 440.0 4.694974000000002
129.0 520.0 0.32496100000003025
140.0 542.0 0.005062000000066291
95.0 567.0 0.3252710000000434
312.0 424.0 4.794774999999959
851.0 809.0 4.797681000000011
880.0 843.0 4.78478199999995
233.0 978.0 0.3176859999999806
212.0 992.0 0.3104210000000194
325.0 843.0 0.0050579999999627034
329.0 860.0 0.29408599999999296
347.0 818.0 0.006051000000070417
349.0 847.0 0.005752000000029511
140.0 639.0 0.2949300000000221
358.0 921.0 0.30846999999994296
391.0 437.0 4.785389000000009
367.0 471.0 4.796044000000052
337.0 466.0 4.792740999999978
431.0 707.0 4.737926000000016
407.0 683.0 4.744815000000017
409.0 708.0 4.741858999999977
419.0 734.0 4.734740999999985
434.0 681.0 4.741947999999979
469.0 697.0 4.749870999999985
454.0 716.0 4.744902000000025
483.0 714.0 4.7459270000000515
547.0 688.0 4.7746570000000474
538.0 702.0 4.754142000000002
231.0 956.0 0.3177220000000034
252.0 966.0 0.31029799999998886
265.0 945.0 0.31482099999993807
314.0 949.0 0.33609999999998763
293.0 931.0 0.31488899999999376
3.0 457.0 0.3248949999999695
28.0 477.0 0.3254429999999502
164.0 454.0 4.608024
135.0 464.0 4.218567000000007
79.0 474.0 0.32918199999994613
56.0 493.0 0.3291580000000067
64.0 524.0 0.3255589999999984
104.0 92.0 4.618386999999984
82.0 113.0 4.610330999999974
57.0 119.0 4.614801000000057
134.0 129.0 4.614539000000036
106.0 117.0 4.611376000000064
655.0 26.0 0.3225950000000921
630.0 39.0 0.330646999999999
610.0 23.0 0.3225840000000062
612.0 55.0 4.308552000000077
84.0 256.0 4.609772000000021
77.0 285.0 4.414946999999984
145.0 262.0 4.616121000000021
118.0 261.0 4.605154999999968
271.0 111.0 4.762366000000043
305.0 108.0 4.763074000000074
280.0 91.0 4.786452000000054
301.0 84.0 4.741125000000011
293.0 54.0 4.750929000000042
320.0 56.0 4.616620000000012
346.0 54.0 4.7511950000000525
357.0 39.0 4.613336000000004
684.0 24.0 0.33070200000008754
688.0 38.0 0.3227759999999762
322.0 38.0 4.749498000000017
302.0 34.0 4.606122000000028
918.0 476.0 4.483990999999946
941.0 493.0 4.676252999999974
963.0 480.0 0.3280179999999291
937.0 467.0 4.483565999999996
950.0 442.0 4.291135999999938
876.0 447.0 4.752566000000002
891.0 465.0 4.744131999999922
691.0 966.0 4.375994999999989
589.0 972.0 0.33120499999995445
601.0 952.0 0.3120739999999387
578.0 943.0 0.31067699999994147
607.0 799.0 4.743495999999936
242.0 889.0 0.30850199999997585
289.0 165.0 4.758509000000004
58.0 260.0 4.607135999999969
41.0 240.0 4.414385000000038
26.0 214.0 4.607393999999999
2.0 258.0 2.4913890000000265
13.0 279.0 2.491534999999999
29.0 314.0 4.603914000000032
67.0 361.0 4.603354999999965
86.0 379.0 0.3319609999999784
31.0 394.0 0.32093399999996564
66.0 389.0 0.32100900000000365
242.0 698.0 4.059990999999968
314.0 643.0 4.737317999999959
299.0 659.0 4.725080000000048
330.0 697.0 4.658137000000011
319.0 721.0 4.647742999999991
292.0 707.0 4.602557000000047
277.0 717.0 4.4458040000000665
295.0 741.0 4.449936999999977
269.0 742.0 0.005490000000008877
244.0 741.0 0.005965000000060172
459.0 823.0 4.567822999999976
458.0 853.0 0.006574999999997999
505.0 797.0 4.574338000000012
644.0 674.0 4.800134999999955
736.0 722.0 4.820034999999962
770.0 473.0 4.825471999999991
770.0 435.0 4.828989999999976
719.0 206.0 4.811515999999983
683.0 251.0 4.831760000000031
696.0 218.0 4.818799000000013
713.0 185.0 4.769543999999996
680.0 150.0 4.775306999999998
687.0 178.0 4.767680000000041
676.0 199.0 4.808342000000039
122.0 203.0 4.608157000000006
141.0 84.0 4.6155599999999595
205.0 63.0 4.620394000000033
393.0 939.0 0.3119090000000142
384.0 966.0 0.31720800000005056
834.0 647.0 4.802809000000025
866.0 669.0 4.788087000000019
905.0 653.0 4.747259999999983
921.0 634.0 4.692300000000046
947.0 615.0 4.589381000000003
951.0 658.0 4.593010999999933
789.0 563.0 4.81976700000007
814.0 586.0 4.787867000000006
861.0 561.0 4.786886999999979
886.0 552.0 4.725130000000036
874.0 631.0 4.754582000000028
833.0 624.0 4.804756999999995
804.0 614.0 4.805145000000039
784.0 516.0 4.826084000000037
806.0 498.0 4.795799999999986
976.0 505.0 0.32843800000000556
450.0 82.0 4.778952000000004
534.0 135.0 4.78105800000003
568.0 138.0 4.788171000000034
558.0 111.0 4.7603670000000875
580.0 108.0 4.756541000000084
495.0 42.0 4.562786000000074
560.0 34.0 4.168682999999987
542.0 56.0 4.3626800000000685
173.0 63.0 4.624721000000022
240.0 113.0 4.757348000000093
261.0 135.0 4.742765000000077
237.0 142.0 4.759147000000098
189.0 131.0 4.738835999999992
249.0 94.0 4.756606000000033
195.0 106.0 4.630429000000049
184.0 84.0 4.620288999999957
170.0 94.0 4.733540000000062
162.0 125.0 4.618905000000041
137.0 105.0 4.614752000000067
953.0 23.0 0.3102200000000721
967.0 40.0 0.32245000000000346
576.0 686.0 4.7791670000000295
552.0 608.0 4.78283799999997
528.0 643.0 4.775834000000032
512.0 661.0 4.75584600000002
456.0 676.0 4.748932000000082
479.0 657.0 4.757439999999974
616.0 668.0 4.795771999999943
599.0 684.0 4.789668000000006
623.0 695.0 4.796416000000022
593.0 703.0 4.784823999999958
647.0 735.0 4.792298999999957
665.0 722.0 4.817052999999987
302.0 538.0 4.751260000000002
757.0 617.0 4.811229000000026
665.0 745.0 4.791592000000037
688.0 732.0 4.802788999999962
756.0 915.0 4.722472999999923
727.0 926.0 4.763846000000058
781.0 891.0 4.776896999999963
817.0 904.0 4.755350999999905
811.0 886.0 4.7677289999999175
843.0 849.0 4.776252999999997
863.0 857.0 4.772929999999974
861.0 878.0 4.7683419999999614
838.0 878.0 4.76892799999996
567.0 884.0 4.377175999999963
549.0 869.0 4.568657999999914
565.0 843.0 4.57219699999996
806.0 730.0 4.80104700000004
830.0 735.0 4.79166900000007
804.0 704.0 4.818872000000056
815.0 686.0 4.813174000000004
849.0 744.0 4.798095999999987
892.0 806.0 4.785442999999987
869.0 796.0 4.780977000000007
159.0 697.0 0.005888000000027205
60.0 666.0 0.3294490000000678
31.0 579.0 0.325706000000082
120.0 541.0 0.32511299999998755
94.0 534.0 0.3215210000000752
110.0 456.0 0.324655000000007
77.0 444.0 0.3209590000000162
47.0 445.0 0.32479299999999967
26.0 448.0 0.32909399999994093
36.0 509.0 0.3298620000000483
40.0 537.0 0.32985200000007353
45.0 559.0 0.3298730000000205
68.0 570.0 0.32558000000005904
608.0 97.0 4.6980330000000095
664.0 74.0 1.5945670000000973
690.0 65.0 3.514690000000087
764.0 89.0 4.610414999999989
753.0 123.0 4.622831000000019
956.0 70.0 0.3227430000000595
497.0 460.0 4.7789169999999785
390.0 457.0 4.790826000000038
358.0 448.0 4.79359199999999
972.0 415.0 0.3228389999999308
948.0 408.0 4.099271999999928
974.0 388.0 0.3232309999999643
774.0 604.0 4.82460100000003
759.0 559.0 4.823978000000011
777.0 539.0 4.825407000000041
805.0 547.0 4.792867999999999
838.0 524.0 4.77077399999996
816.0 519.0 4.813289999999938
826.0 545.0 4.809782000000041
828.0 570.0 4.806532000000061
861.0 585.0 4.762205999999992
893.0 578.0 4.719321000000036
872.0 607.0 4.755002999999988
851.0 637.0 4.796219000000065
884.0 658.0 4.7807710000000725
213.0 458.0 4.70103000000006
192.0 471.0 4.603788000000009
234.0 499.0 4.72805900000003
198.0 504.0 4.601695000000063
100.0 734.0 0.32139700000004723
143.0 712.0 0.005765999999994165
71.0 647.0 0.3292710000000625
55.0 624.0 0.3298930000000837
115.0 618.0 0.3294910000000755
94.0 630.0 0.3252740000000358
125.0 659.0 0.32099300000004405
97.0 658.0 0.32525700000007873
81.0 704.0 0.3320660000000544
120.0 706.0 0.32506999999998243
128.0 735.0 0.3082689999999957
101.0 756.0 0.3124400000000378
75.0 754.0 0.3215420000000222
72.0 726.0 0.32123599999999897
74.0 776.0 0.3214810000000625
84.0 801.0 0.32127200000002176
104.0 843.0 0.3124240000000782
94.0 824.0 0.3320300000000316
64.0 816.0 0.3211630000000696
47.0 798.0 0.32145600000001195
33.0 830.0 0.33195200000000114
216.0 482.0 4.616111000000046
585.0 90.0 4.726851000000011
381.0 522.0 4.790463000000045
382.0 542.0 4.79363699999999
330.0 524.0 4.780194000000051
347.0 550.0 4.760638999999969
379.0 566.0 4.7585450000000264
472.0 93.0 4.779746000000046
506.0 93.0 4.774009999999976
534.0 87.0 4.754953999999998
560.0 85.0 4.752150000000029
530.0 113.0 4.779194000000075
510.0 126.0 4.783491000000026
484.0 113.0 4.784111000000053
447.0 105.0 4.7668879999999945
419.0 161.0 4.809388000000013
441.0 152.0 4.806156999999985
468.0 176.0 4.823615000000018
462.0 208.0 4.839626000000067
486.0 206.0 4.838111000000026
499.0 186.0 4.835225000000037
814.0 107.0 4.419220999999993
833.0 88.0 0.3312549999999419
811.0 82.0 0.3312310000000025
818.0 53.0 0.32298900000000685
785.0 93.0 4.610094000000004
923.0 758.0 4.760773999999969
887.0 752.0 4.773527000000058
993.0 805.0 4.7482590000000755
972.0 815.0 4.6107339999999795
967.0 790.0 4.74479800000006
936.0 804.0 4.749161000000072
914.0 796.0 4.7670400000000654
994.0 496.0 0.32286099999998896
736.0 633.0 4.830776000000014
768.0 637.0 4.824021000000016
789.0 640.0 4.8178139999999985
753.0 576.0 4.830099000000018
741.0 599.0 4.824946000000068
719.0 612.0 4.8303789999999935
314.0 204.0 4.780638000000067
340.0 361.0 4.795863999999938
235.0 558.0 4.694400999999971
344.0 141.0 4.762157000000002
332.0 154.0 4.764385000000061
341.0 178.0 4.811616000000072
359.0 187.0 4.813214000000016
726.0 991.0 4.376099999999951
709.0 956.0 4.571805999999924
699.0 933.0 4.574499999999944
539.0 554.0 4.778476999999953
564.0 359.0 4.808039000000008
543.0 343.0 4.822643000000085
521.0 332.0 4.798099000000093
511.0 477.0 4.774506999999971
512.0 587.0 4.7818549999999505
616.0 417.0 4.79845899999998
629.0 439.0 4.794850999999994
644.0 464.0 4.79729599999996
659.0 481.0 4.808183999999983
679.0 528.0 4.8244359999999915
689.0 548.0 4.81848500000001
711.0 520.0 4.81232
716.0 563.0 4.829368000000045
720.0 589.0 4.813476000000037
963.0 461.0 3.1384269999999788
704.0 977.0 4.376105999999936
533.0 895.0 0.31190799999990304
497.0 897.0 0.31051800000000185
424.0 817.0 0.006114000000025044
413.0 848.0 0.006158000000027641
773.0 496.0 4.825684000000024
795.0 470.0 4.797125999999935
796.0 454.0 4.817409999999995
834.0 465.0 4.778688999999986
674.0 94.0 4.504800000000046
695.0 101.0 4.621888000000013
100.0 25.0 4.609004000000027
69.0 207.0 4.611440000000016
662.0 981.0 3.989604999999983
636.0 975.0 3.4136139999999386
619.0 960.0 3.798053999999979
834.0 389.0 4.785279999999943
567.0 7.0 0.3308550000000423
590.0 2.0 0.3307440000000952
804.0 197.0 4.709720999999945
791.0 159.0 4.627514000000019
446.0 243.0 4.838631000000078
427.0 232.0 4.826665000000048
477.0 230.0 4.83716400000003
214.0 141.0 4.740802000000031
221.0 175.0 4.739660000000072
202.0 166.0 4.752182000000062
166.0 143.0 4.726984000000016
216.0 114.0 4.704996000000051
246.0 66.0 4.753564000000097
247.0 24.0 4.605509999999981
586.0 306.0 4.838770000000068
569.0 279.0 4.840622000000053
428.0 304.0 4.823703000000023
380.0 362.0 4.797117999999955
419.0 395.0 4.787566999999967
693.0 599.0 4.822562000000062
686.0 618.0 4.820007000000032
709.0 639.0 4.822501999999986
190.0 379.0 4.700892999999951
634.0 411.0 4.80316700000003
662.0 404.0 4.8373750000000655
645.0 379.0 4.835470999999984
648.0 431.0 4.808164000000033
704.0 453.0 4.829348999999979
710.0 430.0 4.830661999999961
689.0 484.0 4.82024100000001
691.0 506.0 4.792570999999953
552.0 574.0 4.772730000000024
442.0 396.0 4.78598199999999
435.0 428.0 4.773490000000038
440.0 454.0 4.768871999999988
411.0 449.0 4.786396999999965
405.0 414.0 4.7798629999999775
370.0 407.0 4.796888999999965
217.0 85.0 4.624870000000101
46.0 32.0 4.604003999999918
586.0 410.0 4.775216
589.0 444.0 4.771902000000068
613.0 455.0 4.793255000000045
485.0 423.0 4.779184999999984
490.0 403.0 4.779264000000012
510.0 394.0 4.7885049999999865
524.0 411.0 4.776764999999955
353.0 773.0 3.4449460000000727
335.0 788.0 0.006144000000062988
803.0 268.0 4.805525999999986
951.0 97.0 0.3315229999999474
996.0 637.0 0.3229229999999461
638.0 777.0 4.752452999999946
387.0 629.0 4.753827999999999
449.0 472.0 4.7795750000000226
505.0 558.0 4.783375999999976
487.0 583.0 4.77490899999998
495.0 534.0 4.781429000000003
516.0 531.0 4.774946
423.0 370.0 4.801259999999957
404.0 348.0 4.8049290000000155
407.0 315.0 4.812555999999972
996.0 75.0 0.2953300000000354
975.0 72.0 0.3159060000000409
48.0 50.0 4.612046999999961
890.0 207.0 4.624790999999959
200.0 804.0 0.003980999999953383
507.0 503.0 4.768725999999901
428.0 497.0 4.796074999999973
403.0 509.0 4.797786999999971
421.0 547.0 4.797883999999954
426.0 575.0 4.788139000000001
399.0 563.0 4.795694000000026
395.0 588.0 4.755476000000044
606.0 616.0 4.784363999999982
592.0 592.0 4.776764999999955
607.0 571.0 4.789079000000015
621.0 586.0 4.794407999999976
696.0 753.0 4.7994169999999485
613.0 646.0 4.793986999999902
575.0 630.0 4.788357000000019
539.0 633.0 4.783330999999976
587.0 649.0 4.778902000000016
98.0 392.0 4.411293999999998
352.0 318.0 4.803401000000008
349.0 293.0 4.798853000000008
170.0 24.0 4.6213370000000396
468.0 459.0 4.7776079999999865
480.0 483.0 4.770053999999959
478.0 511.0 4.7760110000000395
470.0 538.0 4.788276999999994
475.0 557.0 4.790861999999947
449.0 574.0 4.794281999999953
468.0 603.0 4.773389999999949
535.0 388.0 4.794913999999949
513.0 437.0 4.777147000000014
533.0 458.0 4.776412999999934
590.0 473.0 4.775686000000064
588.0 502.0 4.7715220000000045
603.0 519.0 4.7823190000000295
621.0 508.0 4.794772999999964
612.0 487.0 4.791864000000032
617.0 530.0 4.784603000000061
567.0 511.0 4.762798999999973
530.0 576.0 4.780534999999986
735.0 505.0 4.82784300000003
746.0 480.0 4.826045000000022
727.0 457.0 4.828704000000016
673.0 452.0 4.822861999999986
613.0 389.0 4.8083050000000185
606.0 360.0 4.830893999999944
403.0 276.0 4.821685000000002
371.0 278.0 4.8016739999999345
377.0 324.0 4.801739999999995
359.0 351.0 4.7920219999999745
416.0 470.0 4.789996999999971
452.0 500.0 4.785798
451.0 528.0 4.781968000000006
415.0 523.0 4.797011999999995
445.0 551.0 4.7969209999999975
145.0 151.0 4.618878999999993
45.0 51.0 4.611872999999946
